979.27	-0.052365
985.56	-0.052117
1002.4	-0.051468
1016.7	-0.050934
1029.3	-0.050471
1044.8	-0.049919
1046.8	-0.049848
1048.1	-0.049802
1052.5	-0.049649
1067.0	-0.04915
1085.3	-0.048539
1091.0	-0.048351
1093.8	-0.048261
1102.3	-0.047984
1105.2	-0.047891
1109.3	-0.047761
1113.7	-0.047624
1120.1	-0.047422
1120.9	-0.047395
1125.6	-0.04725
1128.1	-0.047172
1131.0	-0.047085
1132.3	-0.047045
1138.8	-0.046846
1144.6	-0.046669
1146.4	-0.046617
1148.0	-0.046568
1148.6	-0.046549
1148.7	-0.046546
1149.0	-0.046537
1149.5	-0.046523
1151.0	-0.046478
1151.7	-0.046457
1154.3	-0.046381
1155.6	-0.04634
1156.2	-0.046323
1157.7	-0.046281
1158.4	-0.04626
1159.1	-0.046238
1162.4	-0.04614
1162.9	-0.046128
1164.4	-0.046082
1169.5	-0.045935
1170.2	-0.045914
1170.3	-0.045912
1170.8	-0.045896
1172.4	-0.04585
1176.6	-0.045728
1178.3	-0.04568
1178.4	-0.045678
1178.6	-0.045672
1182.5	-0.045562
1183.2	-0.045542
1185.8	-0.045466
1186.2	-0.045455
1187.4	-0.045422
1187.9	-0.045407
1189.7	-0.045356
1189.8	-0.045353
1190.8	-0.045325
1191.6	-0.045303
1192.8	-0.04527
1194.5	-0.045222
1195.3	-0.0452
1195.9	-0.045183
1196.7	-0.045159
1198.2	-0.045117
1198.3	-0.045117
1199.0	-0.045096
1202.0	-0.045014
1202.7	-0.044993
1203.1	-0.044983
1204.7	-0.044939
1204.8	-0.044936
1206.5	-0.044889
1207.6	-0.044859
1208.1	-0.044844
1208.7	-0.044828
1209.2	-0.044815
1209.9	-0.044796
1210.5	-0.044779
1211.2	-0.044761
1211.7	-0.044748
1214.6	-0.044667
1215.5	-0.044642
1217.3	-0.044595
1218.3	-0.044568
1219.8	-0.044526
1220.4	-0.04451
1221.2	-0.044489
1221.3	-0.044485
1221.6	-0.044478
1222.7	-0.044448
1222.9	-0.044444
1223.0	-0.04444
1223.5	-0.044426
1224.9	-0.044388
1225.1	-0.044382
1225.5	-0.044374
1225.8	-0.044365
1226.3	-0.04435
1228.5	-0.044291
1230.5	-0.04424
1231.0	-0.044227
1231.5	-0.044211
1232.4	-0.044188
1233.1	-0.04417
1234.2	-0.044141
1234.9	-0.044124
1236.4	-0.044082
1236.7	-0.044075
1236.9	-0.04407
1237.1	-0.044064
1237.6	-0.044051
1237.8	-0.044046
1238.2	-0.044035
1239.8	-0.043994
1240.3	-0.04398
1240.7	-0.043971
1243.7	-0.043891
1244.2	-0.043879
1244.3	-0.043876
1244.7	-0.043865
1244.8	-0.043863
1245.1	-0.043855
1245.4	-0.043845
1245.7	-0.04384
1246.0	-0.043831
1246.8	-0.043811
1247.7	-0.043786
1248.1	-0.043776
1248.4	-0.043768
1248.9	-0.043755
1249.2	-0.043748
1249.3	-0.043746
1249.4	-0.043743
1249.6	-0.043738
1250.6	-0.043712
1251.3	-0.043694
1252.4	-0.043666
1252.7	-0.043657
1254.3	-0.043617
1255.1	-0.043594
1255.2	-0.043592
1258.2	-0.043517
1258.9	-0.043497
1259.1	-0.043494
1259.4	-0.043485
1259.6	-0.043479
1260.3	-0.043463
1260.5	-0.043457
1262.9	-0.043397
1263.6	-0.043377
1264.8	-0.043346
1265.2	-0.043337
1265.6	-0.043328
1265.7	-0.043326
1266.0	-0.043316
1267.2	-0.043287
1267.4	-0.043281
1267.5	-0.04328
1268.2	-0.04326
1268.4	-0.043255
1268.7	-0.043248
1269.3	-0.043235
1270.5	-0.043203
1270.6	-0.043201
1270.9	-0.043193
1271.1	-0.043189
1271.2	-0.043185
1271.6	-0.043176
1271.9	-0.043167
1272.0	-0.043165
1272.3	-0.043159
1272.4	-0.043156
1273.0	-0.04314
1273.2	-0.043135
1273.3	-0.043133
1273.6	-0.043124
1273.7	-0.043123
1274.7	-0.043097
1275.3	-0.043082
1276.5	-0.043052
1276.8	-0.043045
1277.7	-0.043022
1278.2	-0.04301
1278.6	-0.043001
1278.9	-0.042994
1279.2	-0.042986
1279.6	-0.042976
1279.9	-0.042969
1280.7	-0.042949
1281.6	-0.042926
1281.8	-0.04292
1282.4	-0.042907
1282.6	-0.0429
1282.9	-0.042893
1284.3	-0.04286
1284.4	-0.042856
1284.7	-0.04285
1285.3	-0.042834
1286.7	-0.042799
1287.2	-0.042788
1287.4	-0.042782
1288.0	-0.042767
1288.3	-0.04276
1288.4	-0.042758
1288.5	-0.042755
1290.8	-0.042698
1291.5	-0.04268
1291.7	-0.042677
1291.9	-0.042671
1292.5	-0.042656
1292.6	-0.042655
1293.2	-0.042639
1293.3	-0.042637
1293.8	-0.042624
1294.2	-0.042615
1294.6	-0.042606
1295.9	-0.042573
1296.1	-0.04257
1296.3	-0.042564
1298.2	-0.042517
1298.3	-0.042516
1298.9	-0.0425
1299.2	-0.042495
1299.8	-0.042479
1300.0	-0.042474
1300.3	-0.042466
1300.9	-0.042452
1302.3	-0.042419
1302.4	-0.042416
1302.6	-0.042412
1303.3	-0.042395
1305.0	-0.042353
1305.6	-0.042338
1306.6	-0.042315
1306.8	-0.042311
1307.5	-0.042294
1309.9	-0.042236
1310.7	-0.042217
1310.9	-0.042211
1311.0	-0.04221
1311.3	-0.042203
1311.9	-0.042187
1312.0	-0.042186
1312.5	-0.042175
1312.6	-0.04217
1313.5	-0.042151
1314.4	-0.042128
1314.9	-0.042117
1315.2	-0.042109
1315.6	-0.042099
1315.8	-0.042096
1316.1	-0.042089
1316.2	-0.042086
1317.1	-0.042065
1317.5	-0.042056
1318.1	-0.042041
1318.7	-0.042026
1319.0	-0.042019
1319.1	-0.042016
1319.6	-0.042005
1319.7	-0.042002
1320.4	-0.041986
1320.7	-0.041978
1320.9	-0.041973
1321.5	-0.04196
1321.6	-0.041958
1321.8	-0.041954
1322.7	-0.041931
1322.9	-0.041928
1323.2	-0.041921
1324.1	-0.041899
1324.4	-0.041893
1325.2	-0.041874
1325.3	-0.041872
1325.4	-0.041869
1325.5	-0.041867
1325.7	-0.041863
1325.9	-0.041857
1326.0	-0.041856
1326.3	-0.041847
1327.2	-0.041826
1327.5	-0.04182
1329.0	-0.041783
1329.7	-0.041769
1330.4	-0.041753
1331.2	-0.041732
1331.6	-0.041725
1332.5	-0.041703
1333.5	-0.041679
1333.7	-0.041676
1334.1	-0.041666
1334.2	-0.041664
1335.4	-0.041635
1335.8	-0.041627
1335.9	-0.041625
1336.1	-0.041619
1336.2	-0.041617
1337.0	-0.041598
1337.2	-0.041595
1337.8	-0.04158
1337.9	-0.041578
1338.2	-0.041572
1338.9	-0.041554
1339.6	-0.041539
1339.8	-0.041534
1340.1	-0.041528
1340.6	-0.041515
1340.8	-0.04151
1341.0	-0.041507
1341.8	-0.041489
1342.2	-0.04148
1342.3	-0.041476
1342.5	-0.041471
1343.3	-0.041454
1343.4	-0.041451
1343.5	-0.041448
1343.6	-0.041446
1343.8	-0.041441
1344.1	-0.041435
1344.3	-0.04143
1344.4	-0.041428
1345.2	-0.041411
1345.4	-0.041405
1345.6	-0.041401
1346.5	-0.041381
1346.6	-0.041379
1346.8	-0.041373
1346.9	-0.041371
1347.0	-0.04137
1347.4	-0.041359
1347.6	-0.041356
1347.8	-0.04135
1348.2	-0.041341
1348.3	-0.04134
1348.6	-0.041333
1348.8	-0.041328
1349.4	-0.041315
1349.7	-0.041307
1350.3	-0.041294
1350.4	-0.041292
1350.8	-0.041283
1351.0	-0.041277
1351.1	-0.041276
1351.5	-0.041268
1351.6	-0.041265
1352.2	-0.041251
1352.3	-0.041249
1352.9	-0.041235
1353.0	-0.041233
1353.4	-0.041223
1353.8	-0.041214
1353.9	-0.041213
1354.0	-0.041211
1354.1	-0.041209
1354.3	-0.041203
1354.5	-0.041199
1354.6	-0.041197
1355.0	-0.041188
1355.1	-0.041184
1355.5	-0.041176
1356.1	-0.041163
1356.2	-0.04116
1356.4	-0.041156
1356.7	-0.04115
1357.0	-0.041144
1357.5	-0.041131
1357.7	-0.041127
1358.2	-0.041115
1358.3	-0.041113
1358.4	-0.041112
1358.5	-0.041109
1359.1	-0.041095
1359.8	-0.041079
1359.9	-0.041077
1360.4	-0.041067
1360.6	-0.041062
1360.8	-0.041058
1360.9	-0.041055
1361.1	-0.04105
1362.4	-0.041022
1363.7	-0.040993
1364.3	-0.040978
1364.5	-0.040975
1364.9	-0.040965
1365.1	-0.04096
1365.5	-0.040951
1365.6	-0.04095
1365.9	-0.040944
1366.0	-0.040942
1366.3	-0.040935
1366.8	-0.040924
1367.3	-0.040911
1367.5	-0.040908
1368.0	-0.040898
1368.9	-0.040876
1369.1	-0.040872
1369.5	-0.040864
1369.7	-0.04086
1370.1	-0.04085
1371.7	-0.040816
1371.9	-0.040809
1372.1	-0.040805
1372.2	-0.040804
1372.6	-0.040796
1372.8	-0.04079
1372.9	-0.040789
1373.0	-0.040785
1374.3	-0.040758
1375.0	-0.040743
1375.2	-0.040738
1375.3	-0.040736
1376.4	-0.04071
1377.0	-0.040698
1377.1	-0.040696
1377.4	-0.040689
1377.7	-0.040683
1377.9	-0.040679
1378.2	-0.040672
1378.3	-0.04067
1378.5	-0.040666
1378.6	-0.040662
1378.7	-0.040661
1378.8	-0.040657
1379.3	-0.040648
1380.1	-0.04063
1380.7	-0.040617
1381.2	-0.040606
1381.6	-0.040597
1381.9	-0.040591
1382.4	-0.040579
1382.5	-0.040577
1382.9	-0.040569
1383.0	-0.040567
1383.3	-0.04056
1383.4	-0.040557
1383.5	-0.040556
1383.6	-0.040553
1383.8	-0.04055
1384.4	-0.040536
1384.7	-0.040529
1384.8	-0.040528
1385.1	-0.04052
1385.4	-0.040513
1385.9	-0.040503
1386.2	-0.040497
1386.5	-0.040491
1386.6	-0.040488
1386.7	-0.040485
1387.3	-0.040472
1387.7	-0.040465
1388.1	-0.040456
1388.7	-0.040443
1390.0	-0.040415
1390.2	-0.040409
1390.4	-0.040405
1390.7	-0.040399
1390.9	-0.040395
1391.1	-0.040391
1391.4	-0.040384
1391.7	-0.040378
1391.8	-0.040376
1391.9	-0.040374
1392.0	-0.040371
1393.1	-0.040347
1393.5	-0.040339
1393.9	-0.04033
1394.3	-0.040323
1395.1	-0.040304
1396.2	-0.040282
1396.9	-0.040266
1397.1	-0.040263
1397.4	-0.040255
1398.0	-0.040242
1398.1	-0.04024
1398.5	-0.040232
1398.7	-0.040227
1399.7	-0.040207
1399.8	-0.040204
1399.9	-0.040201
1400.1	-0.040198
1400.4	-0.040191
1401.2	-0.040175
1401.5	-0.040168
1401.6	-0.040166
1401.7	-0.040163
1401.8	-0.040163
1401.9	-0.040159
1402.1	-0.040156
1402.6	-0.040146
1402.9	-0.040138
1403.0	-0.040137
1403.3	-0.040129
1403.5	-0.040126
1404.0	-0.040116
1404.1	-0.040113
1404.4	-0.040106
1404.6	-0.040101
1405.2	-0.040089
1405.4	-0.040085
1405.9	-0.040074
1406.2	-0.040069
1406.8	-0.040056
1406.9	-0.040054
1407.0	-0.040052
1407.2	-0.040047
1407.3	-0.040044
1407.8	-0.040034
1408.3	-0.040024
1408.9	-0.040011
1409.3	-0.040004
1409.4	-0.04
1409.6	-0.039997
1410.2	-0.039983
1410.4	-0.039981
1410.6	-0.039975
1410.7	-0.039974
1410.9	-0.03997
1411.4	-0.039958
1411.9	-0.039947
1412.1	-0.039944
1413.2	-0.03992
1413.3	-0.03992
1413.5	-0.039915
1413.7	-0.039911
1413.8	-0.039908
1413.9	-0.039907
1414.0	-0.039904
1414.4	-0.039895
1414.5	-0.039894
1414.6	-0.039892
1414.9	-0.039885
1415.4	-0.039874
1415.6	-0.03987
1415.7	-0.039869
1416.4	-0.039854
1416.8	-0.039846
1417.2	-0.039836
1417.5	-0.039832
1418.2	-0.039816
1418.5	-0.039811
1418.6	-0.039807
1419.4	-0.03979
1419.6	-0.039787
1419.8	-0.039784
1420.1	-0.039776
1420.3	-0.039773
1420.4	-0.039771
1420.9	-0.03976
1421.6	-0.039745
1421.7	-0.039744
1421.8	-0.039741
1421.9	-0.039739
1422.3	-0.039732
1422.5	-0.039728
1422.6	-0.039724
1422.7	-0.039723
1423.3	-0.039709
1423.6	-0.039704
1423.7	-0.039703
1424.4	-0.039688
1424.5	-0.039685
1424.6	-0.039683
1425.0	-0.039675
1425.1	-0.039673
1425.4	-0.039667
1425.5	-0.039664
1425.8	-0.039659
1426.5	-0.039644
1426.9	-0.039635
1427.0	-0.039633
1427.1	-0.039631
1427.3	-0.039628
1427.7	-0.03962
1428.0	-0.039614
1428.2	-0.039608
1428.5	-0.039602
1428.8	-0.039597
1428.9	-0.039594
1429.2	-0.039589
1429.5	-0.039582
1430.0	-0.039571
1430.1	-0.03957
1430.4	-0.039564
1430.5	-0.039562
1430.7	-0.039557
1430.8	-0.039555
1431.1	-0.039549
1431.4	-0.039543
1431.7	-0.039538
1431.8	-0.039534
1431.9	-0.039532
1432.0	-0.039531
1432.3	-0.039525
1433.0	-0.039511
1433.3	-0.039505
1433.7	-0.039497
1433.8	-0.039494
1433.9	-0.039491
1434.0	-0.03949
1434.2	-0.039486
1434.4	-0.039482
1434.5	-0.03948
1434.7	-0.039475
1435.0	-0.03947
1435.2	-0.039465
1435.6	-0.039458
1436.1	-0.039447
1436.9	-0.03943
1437.2	-0.039424
1437.3	-0.039423
1437.5	-0.039419
1438.1	-0.039406
1438.4	-0.0394
1438.5	-0.039399
1439.4	-0.039379
1439.5	-0.039377
1439.6	-0.039375
1439.9	-0.039368
1440.0	-0.039367
1440.1	-0.039366
1440.2	-0.039363
1440.3	-0.039362
1441.7	-0.039333
1442.2	-0.039323
1442.5	-0.039317
1442.6	-0.039316
1442.7	-0.039313
1443.0	-0.039306
1443.7	-0.039292
1443.8	-0.03929
1444.0	-0.039287
1444.1	-0.039284
1444.3	-0.03928
1444.4	-0.039278
1444.6	-0.039273
1444.9	-0.039268
1445.5	-0.039256
1445.7	-0.039251
1445.9	-0.039247
1446.3	-0.03924
1446.6	-0.039233
1446.9	-0.039228
1447.3	-0.039219
1447.6	-0.039213
1447.9	-0.039208
1448.0	-0.039206
1448.2	-0.039201
1448.6	-0.039194
1448.7	-0.039192
1448.8	-0.039189
1449.1	-0.039184
1449.2	-0.039182
1449.3	-0.039179
1449.6	-0.039174
1450.3	-0.039158
1450.4	-0.039158
1450.5	-0.039155
1450.8	-0.039149
1450.9	-0.039148
1451.1	-0.039142
1451.2	-0.03914
1451.6	-0.039134
1452.4	-0.039118
1452.5	-0.039115
1452.7	-0.03911
1453.4	-0.039098
1453.5	-0.039095
1453.8	-0.039089
1454.0	-0.039086
1454.4	-0.039078
1454.7	-0.039072
1455.0	-0.039065
1456.0	-0.039046
1456.3	-0.039039
1456.5	-0.039035
1456.7	-0.039031
1457.2	-0.039021
1457.9	-0.039008
1458.0	-0.039006
1458.1	-0.039003
1458.4	-0.038998
1458.6	-0.038993
1458.7	-0.038991
1459.1	-0.038984
1459.2	-0.038982
1459.6	-0.038974
1460.0	-0.038966
1460.2	-0.038962
1460.4	-0.038957
1460.5	-0.038956
1460.6	-0.038953
1460.7	-0.038952
1461.0	-0.038946
1461.3	-0.038941
1461.4	-0.038939
1461.5	-0.038936
1462.0	-0.038926
1462.6	-0.038914
1463.1	-0.038905
1463.8	-0.03889
1464.0	-0.038887
1464.1	-0.038885
1464.2	-0.038882
1464.3	-0.038881
1464.5	-0.038878
1465.0	-0.038866
1465.1	-0.038865
1465.2	-0.038863
1465.8	-0.038851
1466.0	-0.038847
1466.3	-0.038841
1466.5	-0.038838
1466.9	-0.03883
1467.2	-0.038823
1467.4	-0.038819
1467.7	-0.038814
1467.8	-0.038812
1468.0	-0.038809
1468.3	-0.038802
1468.4	-0.0388
1468.6	-0.038795
1468.7	-0.038794
1468.8	-0.038793
1469.2	-0.038785
1469.4	-0.038781
1469.5	-0.038778
1469.6	-0.038776
1469.7	-0.038775
1470.0	-0.038769
1470.3	-0.038763
1470.7	-0.038755
1471.1	-0.038747
1471.3	-0.038742
1471.6	-0.038737
1472.1	-0.038727
1472.2	-0.038725
1472.3	-0.038723
1472.4	-0.038721
1472.6	-0.038717
1472.8	-0.038713
1473.4	-0.038702
1473.6	-0.038699
1473.7	-0.038696
1473.9	-0.038692
1474.1	-0.038688
1474.3	-0.038685
1474.8	-0.038674
1475.5	-0.038661
1476.1	-0.03865
1477.1	-0.038629
1477.2	-0.038628
1477.4	-0.038624
1477.5	-0.038622
1478.0	-0.038613
1478.1	-0.038611
1478.3	-0.038606
1479.3	-0.038587
1479.5	-0.038583
1479.6	-0.038582
1479.9	-0.038575
1480.1	-0.038572
1480.3	-0.038569
1480.5	-0.038565
1480.8	-0.038559
1480.9	-0.038557
1481.3	-0.038548
1481.6	-0.038543
1481.7	-0.03854
1481.8	-0.03854
1482.3	-0.038529
1483.0	-0.038516
1483.1	-0.038513
1483.3	-0.03851
1483.5	-0.038506
1484.0	-0.038497
1484.2	-0.038492
1484.3	-0.03849
1484.8	-0.038481
1485.2	-0.038474
1485.4	-0.038469
1485.5	-0.038467
1485.7	-0.038464
1486.3	-0.038453
1486.4	-0.03845
1486.6	-0.038445
1486.7	-0.038444
1486.9	-0.03844
1487.2	-0.038435
1487.3	-0.038432
1487.6	-0.038427
1488.0	-0.03842
1488.2	-0.038416
1488.6	-0.038408
1488.7	-0.038405
1489.1	-0.038397
1489.3	-0.038394
1489.5	-0.03839
1489.6	-0.038388
1489.8	-0.038384
1490.0	-0.038381
1490.2	-0.038377
1490.3	-0.038374
1491.1	-0.038359
1491.2	-0.038358
1491.6	-0.03835
1491.8	-0.038346
1491.9	-0.038344
1492.0	-0.038343
1492.1	-0.038341
1492.2	-0.038339
1492.3	-0.038337
1492.5	-0.038333
1493.0	-0.038323
1493.1	-0.038321
1493.2	-0.03832
1493.5	-0.038314
1493.9	-0.038306
1494.0	-0.038305
1494.4	-0.038296
1494.8	-0.03829
1494.9	-0.038288
1495.0	-0.038286
1495.1	-0.038283
1495.4	-0.038277
1495.8	-0.038269
1495.9	-0.038268
1496.8	-0.038252
1497.1	-0.038245
1497.4	-0.03824
1497.7	-0.038235
1497.8	-0.038231
1498.3	-0.038222
1498.4	-0.038221
1498.5	-0.038219
1498.8	-0.038213
1499.5	-0.0382
1499.6	-0.038198
1499.7	-0.038196
1499.9	-0.038193
1500.6	-0.038178
1500.8	-0.038175
1501.1	-0.038169
1501.4	-0.038164
1501.6	-0.038161
1501.7	-0.038158
1501.9	-0.038154
1502.2	-0.038148
1502.3	-0.038147
1502.7	-0.038139
1502.9	-0.038135
1503.0	-0.038134
1503.1	-0.038131
1503.3	-0.038128
1503.4	-0.038126
1503.5	-0.038124
1503.8	-0.038119
1503.9	-0.038116
1504.0	-0.038114
1504.2	-0.038111
1504.6	-0.038103
1504.7	-0.038102
1504.8	-0.0381
1505.1	-0.038095
1505.3	-0.038089
1505.5	-0.038087
1505.6	-0.038084
1506.0	-0.038077
1506.4	-0.038069
1506.5	-0.038068
1506.7	-0.038065
1507.1	-0.038057
1507.2	-0.038054
1507.3	-0.038053
1507.4	-0.038052
1507.5	-0.038049
1507.6	-0.038047
1507.9	-0.038041
1508.5	-0.038031
1508.8	-0.038025
1509.0	-0.03802
1509.2	-0.038016
1509.4	-0.038013
1509.5	-0.038011
1509.6	-0.03801
1510.0	-0.038002
1510.3	-0.037996
1510.6	-0.03799
1510.9	-0.037985
1511.2	-0.03798
1511.4	-0.037976
1511.6	-0.037973
1511.7	-0.037971
1511.8	-0.037968
1511.9	-0.037967
1512.0	-0.037965
1512.1	-0.037963
1512.2	-0.037961
1512.4	-0.037958
1512.7	-0.037952
1512.9	-0.037948
1513.0	-0.037946
1513.3	-0.03794
1513.5	-0.037937
1513.6	-0.037934
1513.7	-0.037932
1514.4	-0.037921
1514.7	-0.037915
1514.8	-0.037912
1515.0	-0.037909
1515.1	-0.037906
1516.5	-0.03788
1516.6	-0.037879
1516.8	-0.037876
1516.9	-0.037874
1517.4	-0.037864
1517.5	-0.037861
1517.6	-0.037861
1518.1	-0.037851
1518.4	-0.037845
1518.5	-0.037844
1518.7	-0.03784
1519.1	-0.037832
1519.4	-0.037827
1519.7	-0.037821
1519.9	-0.037818
1520.5	-0.037806
1520.6	-0.037806
1520.7	-0.037802
1521.0	-0.037797
1521.7	-0.037784
1522.0	-0.037779
1522.2	-0.037776
1522.3	-0.037773
1522.4	-0.037771
1522.6	-0.037767
1522.7	-0.037767
1522.8	-0.037764
1523.2	-0.037757
1523.4	-0.037753
1523.9	-0.037744
1524.3	-0.037737
1524.4	-0.037734
1524.5	-0.037732
1524.6	-0.03773
1524.8	-0.037726
1524.9	-0.037725
1525.0	-0.037724
1525.1	-0.037722
1526.0	-0.037706
1526.2	-0.037701
1526.3	-0.037699
1526.4	-0.037698
1526.8	-0.037691
1527.1	-0.037685
1527.7	-0.037675
1527.8	-0.037671
1527.9	-0.03767
1528.1	-0.037666
1528.2	-0.037664
1528.6	-0.037658
1528.7	-0.037655
1529.0	-0.037649
1529.3	-0.037644
1529.8	-0.037635
1530.0	-0.037632
1530.1	-0.037631
1530.8	-0.037617
1530.9	-0.037615
1531.0	-0.037613
1531.7	-0.037601
1532.0	-0.037595
1532.1	-0.037593
1532.2	-0.037591
1532.6	-0.037583
1532.9	-0.037579
1533.4	-0.03757
1533.5	-0.037567
1533.6	-0.037567
1533.7	-0.037564
1534.8	-0.037544
1535.2	-0.037537
1535.4	-0.037533
1535.5	-0.037531
1535.6	-0.037529
1535.8	-0.037525
1536.3	-0.037518
1536.4	-0.037516
1536.5	-0.037513
1536.6	-0.037512
1536.7	-0.03751
1537.0	-0.037503
1537.1	-0.037502
1537.2	-0.0375
1537.4	-0.037497
1537.7	-0.037491
1537.9	-0.037487
1538.0	-0.037486
1538.6	-0.037474
1538.7	-0.037474
1538.9	-0.03747
1539.0	-0.037467
1539.5	-0.037458
1540.0	-0.03745
1540.2	-0.037447
1540.4	-0.037443
1540.5	-0.037441
1540.6	-0.037438
1541.3	-0.037427
1541.6	-0.037421
1541.7	-0.037419
1541.8	-0.037416
1542.3	-0.037409
1542.8	-0.037399
1542.9	-0.037398
1543.2	-0.037391
1543.8	-0.037382
1544.3	-0.037373
1544.6	-0.037366
1545.0	-0.037359
1545.3	-0.037355
1545.4	-0.037352
1545.5	-0.03735
1546.1	-0.037339
1546.2	-0.037337
1546.3	-0.037336
1546.5	-0.037332
1546.6	-0.037331
1547.4	-0.037317
1547.7	-0.03731
1548.1	-0.037304
1548.5	-0.037297
1548.6	-0.037295
1548.9	-0.03729
1549.0	-0.037288
1549.1	-0.037285
1549.3	-0.037282
1549.5	-0.037279
1550.0	-0.03727
1550.3	-0.037265
1550.7	-0.037256
1551.0	-0.037251
1551.4	-0.037245
1551.5	-0.037243
1551.9	-0.037235
1552.0	-0.037234
1552.2	-0.03723
1552.3	-0.037228
1552.7	-0.037222
1553.0	-0.037217
1553.1	-0.037215
1553.6	-0.037205
1553.7	-0.037203
1553.8	-0.037202
1554.2	-0.037194
1554.5	-0.03719
1554.6	-0.037187
1554.9	-0.037182
1555.3	-0.037176
1555.4	-0.037173
1555.5	-0.037171
1555.7	-0.037168
1555.8	-0.037166
1556.1	-0.03716
1556.6	-0.037151
1557.2	-0.037141
1558.0	-0.037127
1558.1	-0.037126
1559.1	-0.037108
1559.2	-0.037105
1559.3	-0.037104
1561.4	-0.037067
1561.9	-0.037059
1562.1	-0.037055
1562.3	-0.037051
1562.7	-0.037044
1563.1	-0.037036
1563.2	-0.037035
1563.4	-0.037031
1563.5	-0.037029
1563.6	-0.037027
1563.7	-0.037026
1564.2	-0.037017
1564.4	-0.037014
1564.8	-0.037007
1565.3	-0.036998
1565.9	-0.036988
1566.2	-0.036982
1566.3	-0.036979
1566.5	-0.036978
1567.1	-0.036967
1567.7	-0.036956
1567.9	-0.036953
1568.1	-0.036949
1568.2	-0.036947
1568.6	-0.03694
1568.7	-0.036937
1568.8	-0.036937
1569.0	-0.036933
1569.1	-0.036931
1569.3	-0.036927
1569.4	-0.036926
1570.0	-0.036915
1570.3	-0.03691
1570.8	-0.036901
1572.0	-0.03688
1572.1	-0.036878
1572.2	-0.036877
1572.4	-0.036872
1572.6	-0.036869
1573.2	-0.036859
1573.4	-0.036856
1573.6	-0.036853
1573.7	-0.03685
1574.1	-0.036843
1574.7	-0.036833
1574.8	-0.036832
1574.9	-0.036829
1575.1	-0.036827
1575.2	-0.036825
1575.4	-0.03682
1575.6	-0.036818
1575.7	-0.036816
1576.0	-0.03681
1576.2	-0.036806
1576.3	-0.036805
1576.9	-0.036794
1577.5	-0.036785
1577.6	-0.036783
1577.8	-0.03678
1577.9	-0.036777
1578.1	-0.036774
1578.2	-0.036772
1578.3	-0.036771
1578.5	-0.036767
1578.7	-0.036763
1578.8	-0.036762
1579.6	-0.036748
1579.7	-0.036746
1580.1	-0.036739
1580.2	-0.036738
1580.3	-0.036735
1580.6	-0.03673
1580.7	-0.036729
1581.1	-0.036721
1581.2	-0.036719
1581.7	-0.036711
1582.2	-0.036702
1582.5	-0.036698
1582.6	-0.036697
1582.9	-0.03669
1583.1	-0.036687
1583.2	-0.036685
1583.5	-0.036681
1583.6	-0.036678
1583.9	-0.036673
1584.2	-0.036669
1584.3	-0.036667
1584.4	-0.036665
1584.5	-0.036662
1584.8	-0.036657
1585.0	-0.036654
1585.4	-0.036648
1585.5	-0.036645
1585.8	-0.03664
1587.2	-0.036616
1587.3	-0.036615
1587.7	-0.036608
1589.1	-0.036583
1589.2	-0.036583
1590.3	-0.036563
1590.4	-0.036561
1591.7	-0.03654
1591.8	-0.036537
1591.9	-0.036535
1592.3	-0.036529
1592.6	-0.036523
1592.7	-0.036522
1592.9	-0.036518
1593.7	-0.036504
1593.8	-0.036504
1594.1	-0.036499
1594.8	-0.036485
1595.0	-0.036483
1595.2	-0.036479
1595.4	-0.036475
1595.9	-0.036468
1596.0	-0.036465
1596.1	-0.036464
1596.2	-0.036463
1596.4	-0.036459
1596.5	-0.036458
1596.6	-0.036456
1596.7	-0.036454
1596.8	-0.036452
1597.3	-0.036444
1597.4	-0.036442
1597.6	-0.036439
1597.9	-0.036432
1598.3	-0.036426
1598.4	-0.036424
1598.5	-0.036423
1598.6	-0.036422
1598.9	-0.036416
1599.0	-0.036414
1599.1	-0.036412
1599.4	-0.036408
1599.7	-0.036403
1600.2	-0.036394
1600.4	-0.036391
1601.3	-0.036376
1601.6	-0.03637
1602.1	-0.036363
1602.2	-0.036361
1602.4	-0.036357
1602.8	-0.036351
1603.0	-0.036346
1604.0	-0.03633
1604.6	-0.036319
1604.8	-0.036316
1605.7	-0.036301
1605.9	-0.036298
1606.0	-0.036296
1606.2	-0.036292
1606.5	-0.036288
1606.6	-0.036286
1606.7	-0.036284
1606.9	-0.03628
1607.2	-0.036275
1607.3	-0.036274
1607.5	-0.03627
1608.1	-0.036261
1608.2	-0.03626
1609.2	-0.036241
1609.5	-0.036238
1609.6	-0.036235
1609.7	-0.036233
1610.1	-0.036227
1610.5	-0.03622
1610.9	-0.036214
1611.9	-0.036197
1612.0	-0.036195
1612.1	-0.036193
1612.3	-0.03619
1612.4	-0.036188
1612.7	-0.036182
1613.2	-0.036175
1613.4	-0.036171
1613.5	-0.036169
1613.6	-0.036168
1614.3	-0.036156
1614.6	-0.036151
1614.9	-0.036146
1615.1	-0.036144
1615.2	-0.036141
1615.8	-0.03613
1616.1	-0.036126
1616.4	-0.036122
1616.6	-0.036117
1616.8	-0.036114
1617.4	-0.036105
1617.8	-0.036097
1618.0	-0.036094
1618.3	-0.03609
1619.1	-0.036076
1619.2	-0.036074
1619.4	-0.036071
1620.0	-0.036061
1620.3	-0.036056
1620.4	-0.036055
1621.1	-0.036042
1621.3	-0.03604
1622.1	-0.036026
1622.2	-0.036025
1622.4	-0.036021
1623.0	-0.036012
1623.2	-0.036008
1624.2	-0.035991
1624.5	-0.035986
1624.6	-0.035985
1625.0	-0.035977
1625.1	-0.035977
1625.8	-0.035965
1625.9	-0.035963
1626.0	-0.035962
1626.5	-0.035953
1626.6	-0.035951
1626.7	-0.03595
1627.0	-0.035945
1627.1	-0.035944
1627.3	-0.035941
1627.5	-0.035936
1627.6	-0.035935
1628.5	-0.035921
1628.7	-0.035916
1628.8	-0.035915
1629.4	-0.035906
1629.6	-0.035902
1630.1	-0.035894
1630.2	-0.035893
1630.3	-0.03589
1630.6	-0.035886
1630.7	-0.035884
1630.9	-0.035881
1631.3	-0.035874
1632.1	-0.035861
1632.2	-0.035859
1632.7	-0.035851
1633.1	-0.035845
1633.2	-0.035842
1634.2	-0.035827
1634.6	-0.035819
1635.0	-0.035814
1635.1	-0.035812
1635.4	-0.035807
1635.5	-0.035806
1636.5	-0.035788
1636.7	-0.035785
1637.0	-0.035781
1637.7	-0.03577
1637.9	-0.035766
1638.7	-0.035752
1639.3	-0.035744
1639.7	-0.035737
1639.8	-0.035735
1640.1	-0.03573
1640.5	-0.035723
1640.8	-0.035718
1641.1	-0.035714
1641.9	-0.0357
1642.3	-0.035694
1642.9	-0.035684
1643.1	-0.035681
1643.4	-0.035676
1644.0	-0.035666
1644.6	-0.035656
1645.1	-0.035648
1645.2	-0.035647
1645.4	-0.035644
1645.7	-0.035638
1645.8	-0.035637
1646.7	-0.035623
1647.6	-0.035608
1647.9	-0.035603
1648.3	-0.035596
1648.7	-0.03559
1648.8	-0.035588
1648.9	-0.035586
1649.2	-0.035581
1649.9	-0.035571
1650.4	-0.035563
1650.8	-0.035556
1651.0	-0.035553
1651.2	-0.035549
1651.4	-0.035547
1651.7	-0.035542
1652.1	-0.035536
1652.4	-0.035531
1652.5	-0.035528
1652.6	-0.035527
1652.8	-0.035525
1653.0	-0.03552
1653.1	-0.035519
1654.1	-0.035503
1654.8	-0.035492
1654.9	-0.035491
1655.1	-0.035487
1655.3	-0.035484
1655.4	-0.035482
1655.5	-0.03548
1656.0	-0.035473
1656.6	-0.035463
1656.7	-0.035461
1656.8	-0.035459
1657.0	-0.035456
1657.4	-0.03545
1658.4	-0.035434
1658.7	-0.035429
1658.8	-0.035428
1659.0	-0.035424
1659.2	-0.035421
1659.3	-0.035419
1659.6	-0.035414
1659.8	-0.035412
1659.9	-0.035409
1660.0	-0.035408
1660.6	-0.035398
1661.4	-0.035386
1661.5	-0.035384
1661.6	-0.035382
1661.7	-0.035381
1662.3	-0.035371
1662.4	-0.035371
1662.7	-0.035365
1663.5	-0.035352
1663.6	-0.035351
1663.8	-0.035347
1663.9	-0.035346
1664.1	-0.035343
1666.0	-0.035312
1666.5	-0.035305
1666.9	-0.035298
1667.0	-0.035297
1667.1	-0.035295
1667.4	-0.035291
1667.6	-0.035287
1667.9	-0.035283
1668.7	-0.03527
1669.0	-0.035265
1669.1	-0.035263
1669.3	-0.03526
1669.8	-0.035252
1670.0	-0.035249
1670.2	-0.035245
1671.2	-0.035229
1671.5	-0.035225
1671.8	-0.035221
1671.9	-0.035219
1672.1	-0.035216
1672.9	-0.035204
1673.0	-0.035201
1673.6	-0.035192
1675.3	-0.035165
1675.5	-0.035163
1675.6	-0.03516
1676.0	-0.035154
1676.3	-0.03515
1676.5	-0.035147
1676.8	-0.035141
1677.0	-0.035138
1677.3	-0.035134
1677.4	-0.035132
1677.9	-0.035124
1678.2	-0.035119
1678.7	-0.035111
1679.2	-0.035103
1679.4	-0.0351
1680.0	-0.035091
1681.1	-0.035073
1681.4	-0.035069
1682.4	-0.035054
1682.6	-0.035051
1682.8	-0.035048
1683.0	-0.035045
1683.2	-0.035041
1683.7	-0.035033
1684.0	-0.035028
1684.7	-0.035017
1685.3	-0.035008
1686.2	-0.034994
1686.4	-0.034991
1686.9	-0.034983
1687.1	-0.034979
1687.7	-0.034971
1687.8	-0.03497
1688.1	-0.034964
1688.2	-0.034962
1688.4	-0.03496
1689.4	-0.034944
1689.5	-0.034943
1689.8	-0.034937
1690.1	-0.034933
1691.5	-0.034912
1691.6	-0.03491
1692.1	-0.034902
1692.3	-0.034899
1692.4	-0.034898
1692.5	-0.034896
1692.6	-0.034895
1694.3	-0.034868
1694.4	-0.034868
1694.9	-0.034859
1695.3	-0.034852
1695.6	-0.034849
1696.1	-0.03484
1696.3	-0.034837
1696.6	-0.034832
1697.2	-0.034824
1697.3	-0.034821
1697.5	-0.034818
1697.9	-0.034813
1698.5	-0.034803
1698.7	-0.0348
1699.1	-0.034794
1699.2	-0.034793
1699.7	-0.034784
1700.5	-0.034772
1700.7	-0.034769
1701.6	-0.034756
1701.8	-0.034752
1703.9	-0.03472
1704.6	-0.03471
1704.8	-0.034706
1705.3	-0.034699
1705.4	-0.034697
1705.6	-0.034693
1705.8	-0.034691
1705.9	-0.03469
1707.1	-0.034671
1707.4	-0.034666
1707.7	-0.034662
1707.9	-0.034658
1708.7	-0.034647
1708.8	-0.034646
1709.3	-0.034638
1710.9	-0.034614
1711.6	-0.034602
1711.9	-0.034598
1713.4	-0.034575
1713.6	-0.034572
1714.0	-0.034566
1714.1	-0.034565
1716.0	-0.034536
1716.2	-0.034533
1716.3	-0.034531
1716.6	-0.034526
1716.8	-0.034523
1717.0	-0.03452
1717.9	-0.034506
1718.3	-0.0345
1718.7	-0.034494
1718.8	-0.034492
1718.9	-0.034492
1719.5	-0.034482
1720.5	-0.034468
1721.0	-0.034459
1721.1	-0.034458
1721.5	-0.034452
1722.0	-0.034444
1723.2	-0.034426
1723.3	-0.034425
1723.9	-0.034416
1724.8	-0.034402
1724.9	-0.034401
1726.9	-0.034371
1727.0	-0.034369
1728.3	-0.03435
1728.4	-0.034348
1729.2	-0.034336
1729.5	-0.034332
1729.8	-0.034327
1730.5	-0.034317
1730.9	-0.03431
1732.5	-0.034287
1733.1	-0.034278
1734.3	-0.034259
1734.9	-0.034251
1735.6	-0.034241
1735.7	-0.034239
1736.5	-0.034227
1737.3	-0.034215
1737.4	-0.034214
1737.5	-0.034212
1739.1	-0.034189
1739.4	-0.034184
1740.2	-0.034172
1740.7	-0.034164
1741.0	-0.03416
1741.2	-0.034157
1741.4	-0.034154
1743.5	-0.034123
1744.8	-0.034104
1745.4	-0.034095
1745.5	-0.034093
1746.1	-0.034084
1746.4	-0.03408
1746.6	-0.034077
1747.3	-0.034067
1747.7	-0.034061
1748.2	-0.034054
1751.3	-0.034008
1751.4	-0.034006
1751.5	-0.034005
1751.9	-0.033999
1752.8	-0.033986
1753.7	-0.033973
1754.0	-0.033968
1754.4	-0.033962
1754.7	-0.033958
1754.8	-0.033957
1755.3	-0.033949
1756.4	-0.033933
1757.5	-0.033917
1758.4	-0.033904
1760.7	-0.03387
1761.5	-0.033859
1762.1	-0.03385
1762.4	-0.033845
1762.7	-0.03384
1764.4	-0.033816
1764.9	-0.033809
1765.3	-0.033804
1767.2	-0.033776
1767.8	-0.033767
1769.4	-0.033744
1769.5	-0.033742
1770.4	-0.03373
1772.9	-0.033693
1773.0	-0.033691
1773.3	-0.033688
1774.3	-0.033673
1775.5	-0.033655
1779.0	-0.033605
1780.9	-0.033578
1781.4	-0.033571
1781.6	-0.033568
1781.7	-0.033566
1782.5	-0.033555
1783.5	-0.03354
1784.8	-0.033522
1784.9	-0.033521
1785.1	-0.033518
1785.2	-0.033516
1785.4	-0.033514
1786.3	-0.0335
1787.0	-0.033491
1788.2	-0.033473
1791.2	-0.033432
1791.9	-0.033421
1792.1	-0.033418
1792.5	-0.033413
1793.9	-0.033393
1797.5	-0.033342
1799.5	-0.033313
1799.6	-0.033311
1799.8	-0.033309
1800.1	-0.033305
1802.7	-0.033269
1803.5	-0.033257
1803.6	-0.033256
1804.1	-0.033248
1807.7	-0.033199
1808.4	-0.033188
1808.9	-0.033182
1809.1	-0.033179
1809.4	-0.033174
1809.9	-0.033167
1810.9	-0.033153
1811.4	-0.033146
1813.5	-0.033117
1814.4	-0.033105
1814.8	-0.033099
1815.3	-0.033092
1816.5	-0.033075
1817.8	-0.033058
1821.6	-0.033005
1823.9	-0.032973
1824.4	-0.032966
1825.1	-0.032956
1827.3	-0.032926
1827.6	-0.032922
1827.8	-0.032919
1829.1	-0.032902
1829.6	-0.032894
1831.0	-0.032875
1831.4	-0.03287
1832.3	-0.032858
1833.3	-0.032844
1834.3	-0.03283
1839.9	-0.032753
1841.9	-0.032726
1842.7	-0.032716
1843.0	-0.032712
1845.7	-0.032675
1846.6	-0.032662
1849.0	-0.032631
1850.9	-0.032605
1853.9	-0.032564
1854.7	-0.032553
1854.9	-0.032551
1855.6	-0.032541
1856.2	-0.032533
1858.2	-0.032506
1861.5	-0.032462
1862.7	-0.032446
1863.1	-0.03244
1863.9	-0.03243
1865.4	-0.03241
1867.0	-0.032388
1868.0	-0.032376
1873.8	-0.032298
1875.3	-0.032279
1881.7	-0.032195
1882.6	-0.032183
1885.2	-0.032148
1887.2	-0.032123
1889.6	-0.032092
1892.2	-0.032057
1893.5	-0.03204
1894.3	-0.03203
1895.4	-0.032016
1896.8	-0.031997
1900.2	-0.031953
1900.9	-0.031944
1901.9	-0.031932
1902.5	-0.031924
1906.5	-0.031872
1909.5	-0.031834
1911.0	-0.031815
1916.4	-0.031745
1926.3	-0.031621
1926.7	-0.031615
1931.7	-0.031552
1933.6	-0.031529
1943.5	-0.031405
1962.7	-0.031169
1970.8	-0.03107
1990.5	-0.030834
