979.27	0.11054
985.56	0.11006
1002.4	0.10881
1016.7	0.10777
1029.3	0.10686
1044.8	0.10577
1046.8	0.10563
1048.1	0.10553
1052.5	0.10523
1067.0	0.10423
1085.3	0.103
1091.0	0.10262
1093.8	0.10244
1102.3	0.10188
1105.2	0.10169
1109.3	0.10143
1113.7	0.10114
1120.1	0.10073
1120.9	0.10068
1125.6	0.10038
1128.1	0.10022
1131.0	0.10004
1132.3	0.099958
1138.8	0.099548
1144.6	0.099182
1146.4	0.099074
1148.0	0.098973
1148.6	0.098934
1148.7	0.098927
1149.0	0.098908
1149.5	0.098879
1151.0	0.098786
1151.7	0.098743
1154.3	0.098584
1155.6	0.0985
1156.2	0.098464
1157.7	0.098376
1158.4	0.098333
1159.1	0.098288
1162.4	0.098083
1162.9	0.098058
1164.4	0.097962
1169.5	0.097656
1170.2	0.097611
1170.3	0.097608
1170.8	0.097574
1172.4	0.097478
1176.6	0.097224
1178.3	0.097123
1178.4	0.097119
1178.6	0.097106
1182.5	0.096875
1183.2	0.096833
1185.8	0.096673
1186.2	0.096651
1187.4	0.09658
1187.9	0.09655
1189.7	0.096443
1189.8	0.096436
1190.8	0.096377
1191.6	0.096331
1192.8	0.096262
1194.5	0.09616
1195.3	0.096115
1195.9	0.096079
1196.7	0.096028
1198.2	0.095939
1198.3	0.095939
1199.0	0.095894
1202.0	0.095721
1202.7	0.095677
1203.1	0.095657
1204.7	0.095563
1204.8	0.095557
1206.5	0.095457
1207.6	0.095395
1208.1	0.095362
1208.7	0.095329
1209.2	0.0953
1209.9	0.09526
1210.5	0.095225
1211.2	0.095186
1211.7	0.095158
1214.6	0.094986
1215.5	0.094933
1217.3	0.094834
1218.3	0.094776
1219.8	0.094689
1220.4	0.094654
1221.2	0.094609
1221.3	0.094601
1221.6	0.094587
1222.7	0.094522
1222.9	0.094513
1223.0	0.094505
1223.5	0.094476
1224.9	0.094395
1225.1	0.094382
1225.5	0.094364
1225.8	0.094345
1226.3	0.094314
1228.5	0.094189
1230.5	0.09408
1231.0	0.094052
1231.5	0.094018
1232.4	0.093968
1233.1	0.093931
1234.2	0.093869
1234.9	0.093831
1236.4	0.093743
1236.7	0.093727
1236.9	0.093716
1237.1	0.093703
1237.6	0.093676
1237.8	0.093666
1238.2	0.093643
1239.8	0.093554
1240.3	0.093524
1240.7	0.093505
1243.7	0.093333
1244.2	0.093308
1244.3	0.093301
1244.7	0.093279
1244.8	0.093273
1245.1	0.093257
1245.4	0.093237
1245.7	0.093224
1246.0	0.093205
1246.8	0.093162
1247.7	0.09311
1248.1	0.093088
1248.4	0.093071
1248.9	0.093043
1249.2	0.093027
1249.3	0.093024
1249.4	0.093018
1249.6	0.093007
1250.6	0.092951
1251.3	0.092911
1252.4	0.092851
1252.7	0.092833
1254.3	0.092746
1255.1	0.092698
1255.2	0.092694
1258.2	0.092531
1258.9	0.09249
1259.1	0.092481
1259.4	0.092464
1259.6	0.092451
1260.3	0.092416
1260.5	0.092403
1262.9	0.092273
1263.6	0.092231
1264.8	0.092164
1265.2	0.092144
1265.6	0.092125
1265.7	0.092119
1266.0	0.092099
1267.2	0.092038
1267.4	0.092024
1267.5	0.092021
1268.2	0.091979
1268.4	0.091968
1268.7	0.091953
1269.3	0.091923
1270.5	0.091854
1270.6	0.09185
1270.9	0.091833
1271.1	0.091826
1271.2	0.091816
1271.6	0.091797
1271.9	0.091778
1272.0	0.091774
1272.3	0.091759
1272.4	0.091754
1273.0	0.091719
1273.2	0.091709
1273.3	0.091704
1273.6	0.091685
1273.7	0.091682
1274.7	0.091626
1275.3	0.091593
1276.5	0.091529
1276.8	0.091514
1277.7	0.091463
1278.2	0.091437
1278.6	0.091419
1278.9	0.091402
1279.2	0.091386
1279.6	0.091365
1279.9	0.091348
1280.7	0.091305
1281.6	0.091255
1281.8	0.091243
1282.4	0.091214
1282.6	0.091199
1282.9	0.091184
1284.3	0.091112
1284.4	0.091103
1284.7	0.09109
1285.3	0.091057
1286.7	0.09098
1287.2	0.090956
1287.4	0.090944
1288.0	0.090911
1288.3	0.090896
1288.4	0.09089
1288.5	0.090886
1290.8	0.090761
1291.5	0.090723
1291.7	0.090716
1291.9	0.090702
1292.5	0.09067
1292.6	0.090668
1293.2	0.090633
1293.3	0.090629
1293.8	0.0906
1294.2	0.09058
1294.6	0.090561
1295.9	0.090489
1296.1	0.090483
1296.3	0.090468
1298.2	0.090368
1298.3	0.090365
1298.9	0.090329
1299.2	0.090318
1299.8	0.090285
1300.0	0.090274
1300.3	0.090256
1300.9	0.090224
1302.3	0.090152
1302.4	0.090147
1302.6	0.090139
1303.3	0.0901
1305.0	0.09001
1305.6	0.089976
1306.6	0.089927
1306.8	0.089916
1307.5	0.089879
1309.9	0.089753
1310.7	0.089712
1310.9	0.089699
1311.0	0.089696
1311.3	0.089682
1311.9	0.089646
1312.0	0.089645
1312.5	0.089619
1312.6	0.08961
1313.5	0.089567
1314.4	0.089517
1314.9	0.089493
1315.2	0.089476
1315.6	0.089455
1315.8	0.089447
1316.1	0.089431
1316.2	0.089425
1317.1	0.089379
1317.5	0.08936
1318.1	0.089326
1318.7	0.089294
1319.0	0.089278
1319.1	0.089272
1319.6	0.089248
1319.7	0.089242
1320.4	0.089206
1320.7	0.089189
1320.9	0.089178
1321.5	0.089149
1321.6	0.089145
1321.8	0.089135
1322.7	0.089086
1322.9	0.089078
1323.2	0.089063
1324.1	0.089015
1324.4	0.089002
1325.2	0.088961
1325.3	0.088956
1325.4	0.088949
1325.5	0.088945
1325.7	0.088935
1325.9	0.088924
1326.0	0.08892
1326.3	0.0889
1327.2	0.088854
1327.5	0.088841
1329.0	0.088761
1329.7	0.08873
1330.4	0.088693
1331.2	0.088648
1331.6	0.088632
1332.5	0.088584
1333.5	0.08853
1333.7	0.088525
1334.1	0.088503
1334.2	0.088499
1335.4	0.088435
1335.8	0.088416
1335.9	0.088412
1336.1	0.0884
1336.2	0.088395
1337.0	0.088353
1337.2	0.088346
1337.8	0.088314
1337.9	0.088308
1338.2	0.088296
1338.9	0.088256
1339.6	0.088222
1339.8	0.088212
1340.1	0.088198
1340.6	0.08817
1340.8	0.088159
1341.0	0.088153
1341.8	0.088113
1342.2	0.088093
1342.3	0.088084
1342.5	0.088073
1343.3	0.088035
1343.4	0.088028
1343.5	0.088022
1343.6	0.088017
1343.8	0.088007
1344.1	0.087992
1344.3	0.087982
1344.4	0.087978
1345.2	0.087939
1345.4	0.087926
1345.6	0.087918
1346.5	0.087875
1346.6	0.087869
1346.8	0.087855
1346.9	0.08785
1347.0	0.08785
1347.4	0.087825
1347.6	0.087817
1347.8	0.087805
1348.2	0.087785
1348.3	0.087782
1348.6	0.087768
1348.8	0.087757
1349.4	0.087727
1349.7	0.087709
1350.3	0.08768
1350.4	0.087676
1350.8	0.087657
1351.0	0.087644
1351.1	0.087641
1351.5	0.087623
1351.6	0.087616
1352.2	0.087586
1352.3	0.087582
1352.9	0.087551
1353.0	0.087545
1353.4	0.087524
1353.8	0.087504
1353.9	0.087501
1354.0	0.087498
1354.1	0.087492
1354.3	0.087479
1354.5	0.08747
1354.6	0.087466
1355.0	0.087446
1355.1	0.087438
1355.5	0.087419
1356.1	0.087392
1356.2	0.087384
1356.4	0.087376
1356.7	0.087361
1357.0	0.087348
1357.5	0.08732
1357.7	0.087311
1358.2	0.087284
1358.3	0.08728
1358.4	0.087278
1358.5	0.087272
1359.1	0.087241
1359.8	0.087205
1359.9	0.0872
1360.4	0.087178
1360.6	0.087167
1360.8	0.087157
1360.9	0.087152
1361.1	0.087139
1362.4	0.087078
1363.7	0.087013
1364.3	0.08698
1364.5	0.086972
1364.9	0.086951
1365.1	0.086941
1365.5	0.086921
1365.6	0.086918
1365.9	0.086905
1366.0	0.086899
1366.3	0.086884
1366.8	0.086861
1367.3	0.086831
1367.5	0.086824
1368.0	0.086802
1368.9	0.086754
1369.1	0.086745
1369.5	0.086727
1369.7	0.086717
1370.1	0.086696
1371.7	0.086619
1371.9	0.086605
1372.1	0.086596
1372.2	0.086593
1372.6	0.086574
1372.8	0.086561
1372.9	0.086559
1373.0	0.086551
1374.3	0.086491
1375.0	0.086456
1375.2	0.086446
1375.3	0.086441
1376.4	0.086384
1377.0	0.086356
1377.1	0.086351
1377.4	0.086336
1377.7	0.086323
1377.9	0.086313
1378.2	0.086298
1378.3	0.086295
1378.5	0.086285
1378.6	0.086277
1378.7	0.086275
1378.8	0.086266
1379.3	0.086245
1380.1	0.086206
1380.7	0.086176
1381.2	0.08615
1381.6	0.086132
1381.9	0.086117
1382.4	0.086092
1382.5	0.086088
1382.9	0.086069
1383.0	0.086065
1383.3	0.086048
1383.4	0.086042
1383.5	0.08604
1383.6	0.086033
1383.8	0.086025
1384.4	0.085994
1384.7	0.08598
1384.8	0.085977
1385.1	0.08596
1385.4	0.085944
1385.9	0.085922
1386.2	0.085908
1386.5	0.085895
1386.6	0.085887
1386.7	0.085882
1387.3	0.085852
1387.7	0.085837
1388.1	0.085815
1388.7	0.085786
1390.0	0.085725
1390.2	0.085712
1390.4	0.085703
1390.7	0.085688
1390.9	0.08568
1391.1	0.085671
1391.4	0.085655
1391.7	0.085642
1391.8	0.085637
1391.9	0.085633
1392.0	0.085626
1393.1	0.085572
1393.5	0.085554
1393.9	0.085535
1394.3	0.085518
1395.1	0.085476
1396.2	0.085427
1396.9	0.085391
1397.1	0.085383
1397.4	0.085366
1398.0	0.085337
1398.1	0.085331
1398.5	0.085315
1398.7	0.085303
1399.7	0.085258
1399.8	0.085251
1399.9	0.085245
1400.1	0.085238
1400.4	0.085221
1401.2	0.085186
1401.5	0.08517
1401.6	0.085165
1401.7	0.08516
1401.8	0.085159
1401.9	0.08515
1402.1	0.085144
1402.6	0.085121
1402.9	0.085104
1403.0	0.0851
1403.3	0.085084
1403.5	0.085077
1404.0	0.085053
1404.1	0.085047
1404.4	0.08503
1404.6	0.085021
1405.2	0.084993
1405.4	0.084984
1405.9	0.084959
1406.2	0.084949
1406.8	0.084918
1406.9	0.084913
1407.0	0.084909
1407.2	0.084899
1407.3	0.084892
1407.8	0.084868
1408.3	0.084847
1408.9	0.084818
1409.3	0.084801
1409.4	0.084792
1409.6	0.084785
1410.2	0.084755
1410.4	0.084749
1410.6	0.084737
1410.7	0.084734
1410.9	0.084725
1411.4	0.084699
1411.9	0.084674
1412.1	0.084667
1413.2	0.084614
1413.3	0.084611
1413.5	0.084601
1413.7	0.084592
1413.8	0.084586
1413.9	0.084583
1414.0	0.084577
1414.4	0.084556
1414.5	0.084554
1414.6	0.08455
1414.9	0.084533
1415.4	0.084508
1415.6	0.084499
1415.7	0.084496
1416.4	0.084464
1416.8	0.084446
1417.2	0.084424
1417.5	0.084413
1418.2	0.084378
1418.5	0.084366
1418.6	0.084358
1419.4	0.08432
1419.6	0.084311
1419.8	0.084305
1420.1	0.084288
1420.3	0.084282
1420.4	0.084276
1420.9	0.084252
1421.6	0.084217
1421.7	0.084215
1421.8	0.084209
1421.9	0.084205
1422.3	0.084188
1422.5	0.084178
1422.6	0.08417
1422.7	0.084168
1423.3	0.084137
1423.6	0.084125
1423.7	0.084121
1424.4	0.084089
1424.5	0.084082
1424.6	0.084076
1425.0	0.08406
1425.1	0.084055
1425.4	0.084041
1425.5	0.084035
1425.8	0.084024
1426.5	0.083989
1426.9	0.083969
1427.0	0.083964
1427.1	0.083959
1427.3	0.083953
1427.7	0.083934
1428.0	0.083921
1428.2	0.083908
1428.5	0.083895
1428.8	0.083882
1428.9	0.083876
1429.2	0.083865
1429.5	0.083848
1430.0	0.083824
1430.1	0.083822
1430.4	0.083807
1430.5	0.083803
1430.7	0.083791
1430.8	0.083787
1431.1	0.083775
1431.4	0.083761
1431.7	0.083748
1431.8	0.083741
1431.9	0.083736
1432.0	0.083732
1432.3	0.083721
1433.0	0.083688
1433.3	0.083673
1433.7	0.083656
1433.8	0.083649
1433.9	0.083643
1434.0	0.083639
1434.2	0.083632
1434.4	0.083622
1434.5	0.083617
1434.7	0.083607
1435.0	0.083595
1435.2	0.083584
1435.6	0.083567
1436.1	0.083543
1436.9	0.083504
1437.2	0.083491
1437.3	0.083489
1437.5	0.083479
1438.1	0.08345
1438.4	0.083435
1438.5	0.083433
1439.4	0.083389
1439.5	0.083384
1439.6	0.083379
1439.9	0.083365
1440.0	0.083361
1440.1	0.083359
1440.2	0.083352
1440.3	0.08335
1441.7	0.083284
1442.2	0.083261
1442.5	0.083248
1442.6	0.083244
1442.7	0.083238
1443.0	0.083222
1443.7	0.083192
1443.8	0.083186
1444.0	0.083179
1444.1	0.083172
1444.3	0.083165
1444.4	0.083159
1444.6	0.083148
1444.9	0.083137
1445.5	0.083109
1445.7	0.083098
1445.9	0.083089
1446.3	0.083073
1446.6	0.083057
1446.9	0.083045
1447.3	0.083026
1447.6	0.083012
1447.9	0.083
1448.0	0.082997
1448.2	0.082983
1448.6	0.082967
1448.7	0.082964
1448.8	0.082957
1449.1	0.082946
1449.2	0.082941
1449.3	0.082933
1449.6	0.082923
1450.3	0.082887
1450.4	0.082886
1450.5	0.08288
1450.8	0.082866
1450.9	0.082864
1451.1	0.082851
1451.2	0.082846
1451.6	0.082832
1452.4	0.082795
1452.5	0.082788
1452.7	0.082778
1453.4	0.08275
1453.5	0.082743
1453.8	0.082728
1454.0	0.082722
1454.4	0.082705
1454.7	0.082691
1455.0	0.082675
1456.0	0.082632
1456.3	0.082614
1456.5	0.082607
1456.7	0.082598
1457.2	0.082574
1457.9	0.082544
1458.0	0.082539
1458.1	0.082534
1458.4	0.082521
1458.6	0.082511
1458.7	0.082505
1459.1	0.08249
1459.2	0.082485
1459.6	0.082466
1460.0	0.082449
1460.2	0.082439
1460.4	0.082429
1460.5	0.082426
1460.6	0.08242
1460.7	0.082416
1461.0	0.082402
1461.3	0.082391
1461.4	0.082387
1461.5	0.082381
1462.0	0.082358
1462.6	0.08233
1463.1	0.08231
1463.8	0.082275
1464.0	0.082268
1464.1	0.082263
1464.2	0.082257
1464.3	0.082255
1464.5	0.082247
1465.0	0.08222
1465.1	0.082218
1465.2	0.082214
1465.8	0.082186
1466.0	0.082177
1466.3	0.082164
1466.5	0.082157
1466.9	0.082139
1467.2	0.082123
1467.4	0.082113
1467.7	0.082101
1467.8	0.082096
1468.0	0.082089
1468.3	0.082075
1468.4	0.08207
1468.6	0.082058
1468.7	0.082056
1468.8	0.082052
1469.2	0.082035
1469.4	0.082026
1469.5	0.082019
1469.6	0.082013
1469.7	0.082013
1470.0	0.081998
1470.3	0.081984
1470.7	0.081967
1471.1	0.081949
1471.3	0.081937
1471.6	0.081925
1472.1	0.081903
1472.2	0.081898
1472.3	0.081894
1472.4	0.081888
1472.6	0.081879
1472.8	0.08187
1473.4	0.081846
1473.6	0.081837
1473.7	0.08183
1473.9	0.081822
1474.1	0.081813
1474.3	0.081807
1474.8	0.081781
1475.5	0.081752
1476.1	0.081727
1477.1	0.081679
1477.2	0.081675
1477.4	0.081666
1477.5	0.081661
1478.0	0.081641
1478.1	0.081636
1478.3	0.081626
1479.3	0.081581
1479.5	0.081574
1479.6	0.081569
1479.9	0.081554
1480.1	0.081548
1480.3	0.081539
1480.5	0.081531
1480.8	0.081517
1480.9	0.081512
1481.3	0.081493
1481.6	0.081481
1481.7	0.081474
1481.8	0.081473
1482.3	0.081449
1483.0	0.081418
1483.1	0.081411
1483.3	0.081405
1483.5	0.081395
1484.0	0.081374
1484.2	0.081363
1484.3	0.08136
1484.8	0.081339
1485.2	0.081322
1485.4	0.081311
1485.5	0.081305
1485.7	0.081299
1486.3	0.081274
1486.4	0.081268
1486.6	0.081256
1486.7	0.081253
1486.9	0.081243
1487.2	0.081233
1487.3	0.081227
1487.6	0.081215
1488.0	0.081197
1488.2	0.081188
1488.6	0.08117
1488.7	0.081164
1489.1	0.081146
1489.3	0.081138
1489.5	0.081129
1489.6	0.081125
1489.8	0.081116
1490.0	0.081109
1490.2	0.0811
1490.3	0.081093
1491.1	0.081059
1491.2	0.081056
1491.6	0.081038
1491.8	0.081027
1491.9	0.081024
1492.0	0.081021
1492.1	0.081018
1492.2	0.081011
1492.3	0.081007
1492.5	0.080999
1493.0	0.080976
1493.1	0.080971
1493.2	0.080969
1493.5	0.080954
1493.9	0.080936
1494.0	0.080933
1494.4	0.080914
1494.8	0.080899
1494.9	0.080894
1495.0	0.080889
1495.1	0.080883
1495.4	0.08087
1495.8	0.080852
1495.9	0.080849
1496.8	0.080812
1497.1	0.080797
1497.4	0.080784
1497.7	0.080772
1497.8	0.080764
1498.3	0.080742
1498.4	0.08074
1498.5	0.080736
1498.8	0.080721
1499.5	0.080693
1499.6	0.080686
1499.7	0.080683
1499.9	0.080675
1500.6	0.080642
1500.8	0.080634
1501.1	0.08062
1501.4	0.08061
1501.6	0.080601
1501.7	0.080595
1501.9	0.080587
1502.2	0.080572
1502.3	0.08057
1502.7	0.080552
1502.9	0.080542
1503.0	0.080541
1503.1	0.080534
1503.3	0.080526
1503.4	0.080522
1503.5	0.080516
1503.8	0.080505
1503.9	0.080499
1504.0	0.080493
1504.2	0.080487
1504.6	0.080469
1504.7	0.080465
1504.8	0.080462
1505.1	0.08045
1505.3	0.080437
1505.5	0.080431
1505.6	0.080425
1506.0	0.080409
1506.4	0.08039
1506.5	0.080388
1506.7	0.08038
1507.1	0.080361
1507.2	0.080356
1507.3	0.080352
1507.4	0.08035
1507.5	0.080343
1507.6	0.080339
1507.9	0.080325
1508.5	0.080302
1508.8	0.080288
1509.0	0.080277
1509.2	0.080268
1509.4	0.080259
1509.5	0.080257
1509.6	0.080254
1510.0	0.080235
1510.3	0.080221
1510.6	0.080208
1510.9	0.080196
1511.2	0.080184
1511.4	0.080175
1511.6	0.080168
1511.7	0.080162
1511.8	0.080156
1511.9	0.080154
1512.0	0.08015
1512.1	0.080146
1512.2	0.080139
1512.4	0.080133
1512.7	0.080119
1512.9	0.080111
1513.0	0.080105
1513.3	0.080093
1513.5	0.080085
1513.6	0.080078
1513.7	0.080074
1514.4	0.080047
1514.7	0.080033
1514.8	0.080028
1515.0	0.080019
1515.1	0.080014
1516.5	0.079954
1516.6	0.07995
1516.8	0.079944
1516.9	0.079938
1517.4	0.079915
1517.5	0.079909
1517.6	0.079909
1518.1	0.079886
1518.4	0.079872
1518.5	0.079868
1518.7	0.079859
1519.1	0.079841
1519.4	0.079831
1519.7	0.079816
1519.9	0.079808
1520.5	0.079782
1520.6	0.07978
1520.7	0.079773
1521.0	0.079761
1521.7	0.079731
1522.0	0.079718
1522.2	0.079711
1522.3	0.079706
1522.4	0.0797
1522.6	0.079692
1522.7	0.079691
1522.8	0.079684
1523.2	0.079667
1523.4	0.079659
1523.9	0.079637
1524.3	0.079621
1524.4	0.079614
1524.5	0.07961
1524.6	0.079606
1524.8	0.079597
1524.9	0.079593
1525.0	0.079591
1525.1	0.079587
1526.0	0.079549
1526.2	0.079538
1526.3	0.079534
1526.4	0.079531
1526.8	0.079514
1527.1	0.079501
1527.7	0.079477
1527.8	0.079469
1527.9	0.079467
1528.1	0.079458
1528.2	0.079452
1528.6	0.079438
1528.7	0.079431
1529.0	0.079418
1529.3	0.079406
1529.8	0.079385
1530.0	0.079377
1530.1	0.079375
1530.8	0.079343
1530.9	0.079337
1531.0	0.079333
1531.7	0.079306
1532.0	0.079291
1532.1	0.079286
1532.2	0.079283
1532.6	0.079265
1532.9	0.079254
1533.4	0.079234
1533.5	0.079228
1533.6	0.079226
1533.7	0.07922
1534.8	0.079174
1535.2	0.079157
1535.4	0.079148
1535.5	0.079144
1535.6	0.079138
1535.8	0.07913
1536.3	0.079112
1536.4	0.079107
1536.5	0.0791
1536.6	0.079099
1536.7	0.079093
1537.0	0.079078
1537.1	0.079076
1537.2	0.07907
1537.4	0.079063
1537.7	0.079051
1537.9	0.07904
1538.0	0.079037
1538.6	0.079011
1538.7	0.07901
1538.9	0.079002
1539.0	0.078994
1539.5	0.078974
1540.0	0.078955
1540.2	0.078947
1540.4	0.078939
1540.5	0.078933
1540.6	0.078927
1541.3	0.078901
1541.6	0.078887
1541.7	0.078882
1541.8	0.078876
1542.3	0.078859
1542.8	0.078835
1542.9	0.078833
1543.2	0.078818
1543.8	0.078796
1544.3	0.078775
1544.6	0.078759
1545.0	0.078742
1545.3	0.078732
1545.4	0.078725
1545.5	0.078722
1546.1	0.078695
1546.2	0.078692
1546.3	0.078688
1546.5	0.07868
1546.6	0.078677
1547.4	0.078645
1547.7	0.078629
1548.1	0.078615
1548.5	0.078597
1548.6	0.078594
1548.9	0.078581
1549.0	0.078576
1549.1	0.078571
1549.3	0.078563
1549.5	0.078555
1550.0	0.078535
1550.3	0.078522
1550.7	0.078504
1551.0	0.078492
1551.4	0.078477
1551.5	0.078473
1551.9	0.078454
1552.0	0.078452
1552.2	0.078442
1552.3	0.078438
1552.7	0.078422
1553.0	0.07841
1553.1	0.078406
1553.6	0.078384
1553.7	0.078379
1553.8	0.078377
1554.2	0.078358
1554.5	0.078348
1554.6	0.078342
1554.9	0.078329
1555.3	0.078315
1555.4	0.078309
1555.5	0.078305
1555.7	0.078298
1555.8	0.078294
1556.1	0.078279
1556.6	0.078258
1557.2	0.078234
1558.0	0.078201
1558.1	0.078199
1559.1	0.078158
1559.2	0.078149
1559.3	0.078147
1561.4	0.078061
1561.9	0.078042
1562.1	0.078033
1562.3	0.078024
1562.7	0.078007
1563.1	0.077989
1563.2	0.077986
1563.4	0.077976
1563.5	0.077972
1563.6	0.077968
1563.7	0.077964
1564.2	0.077943
1564.4	0.077938
1564.8	0.07792
1565.3	0.077899
1565.9	0.077876
1566.2	0.077863
1566.3	0.077856
1566.5	0.077852
1567.1	0.077827
1567.7	0.077801
1567.9	0.077794
1568.1	0.077785
1568.2	0.077781
1568.6	0.077765
1568.7	0.077758
1568.8	0.077757
1569.0	0.077748
1569.1	0.077742
1569.3	0.077733
1569.4	0.077731
1570.0	0.077706
1570.3	0.077694
1570.8	0.077674
1572.0	0.077625
1572.1	0.077619
1572.2	0.077617
1572.4	0.077606
1572.6	0.077598
1573.2	0.077575
1573.4	0.077567
1573.6	0.077559
1573.7	0.077553
1574.1	0.077537
1574.7	0.077513
1574.8	0.077511
1574.9	0.077505
1575.1	0.077498
1575.2	0.077495
1575.4	0.077484
1575.6	0.077477
1575.7	0.077474
1576.0	0.07746
1576.2	0.07745
1576.3	0.077449
1576.9	0.077423
1577.5	0.077401
1577.6	0.077396
1577.8	0.077389
1577.9	0.077382
1578.1	0.077376
1578.2	0.077371
1578.3	0.077367
1578.5	0.077359
1578.7	0.077349
1578.8	0.077346
1579.6	0.077313
1579.7	0.07731
1580.1	0.077292
1580.2	0.07729
1580.3	0.077285
1580.6	0.077273
1580.7	0.077269
1581.1	0.077252
1581.2	0.077247
1581.7	0.077227
1582.2	0.077207
1582.5	0.077197
1582.6	0.077194
1582.9	0.077178
1583.1	0.077171
1583.2	0.077166
1583.5	0.077156
1583.6	0.077151
1583.9	0.077138
1584.2	0.077129
1584.3	0.077123
1584.4	0.07712
1584.5	0.077114
1584.8	0.077101
1585.0	0.077093
1585.4	0.077079
1585.5	0.077073
1585.8	0.07706
1587.2	0.077004
1587.3	0.077003
1587.7	0.076985
1589.1	0.076927
1589.2	0.076926
1590.3	0.07688
1590.4	0.076876
1591.7	0.076825
1591.8	0.076819
1591.9	0.076814
1592.3	0.0768
1592.6	0.076786
1592.7	0.076784
1592.9	0.076774
1593.7	0.076742
1593.8	0.07674
1594.1	0.076729
1594.8	0.076698
1595.0	0.076692
1595.2	0.076681
1595.4	0.076673
1595.9	0.076656
1596.0	0.076651
1596.1	0.076647
1596.2	0.076645
1596.4	0.076635
1596.5	0.076633
1596.6	0.076629
1596.7	0.076623
1596.8	0.076618
1597.3	0.0766
1597.4	0.076596
1597.6	0.076588
1597.9	0.076573
1598.3	0.076558
1598.4	0.076554
1598.5	0.076551
1598.6	0.076548
1598.9	0.076534
1599.0	0.076529
1599.1	0.076525
1599.4	0.076516
1599.7	0.076504
1600.2	0.076482
1600.4	0.076475
1601.3	0.076439
1601.6	0.076427
1602.1	0.076409
1602.2	0.076405
1602.4	0.076395
1602.8	0.07638
1603.0	0.07637
1604.0	0.076332
1604.6	0.076306
1604.8	0.076298
1605.7	0.076264
1605.9	0.076256
1606.0	0.076252
1606.2	0.076242
1606.5	0.076233
1606.6	0.076228
1606.7	0.076223
1606.9	0.076214
1607.2	0.076202
1607.3	0.076199
1607.5	0.076191
1608.1	0.076169
1608.2	0.076166
1609.2	0.076123
1609.5	0.076114
1609.6	0.076109
1609.7	0.076103
1610.1	0.07609
1610.5	0.076073
1610.9	0.076059
1611.9	0.076018
1612.0	0.076013
1612.1	0.076008
1612.3	0.076003
1612.4	0.075998
1612.7	0.075984
1613.2	0.075967
1613.4	0.075957
1613.5	0.075953
1613.6	0.075951
1614.3	0.075921
1614.6	0.07591
1614.9	0.075898
1615.1	0.075892
1615.2	0.075887
1615.8	0.075861
1616.1	0.07585
1616.4	0.07584
1616.6	0.075831
1616.8	0.075823
1617.4	0.075801
1617.8	0.075783
1618.0	0.075776
1618.3	0.075765
1619.1	0.075733
1619.2	0.075728
1619.4	0.07572
1620.0	0.075697
1620.3	0.075686
1620.4	0.075683
1621.1	0.075653
1621.3	0.075647
1622.1	0.075615
1622.2	0.075612
1622.4	0.075603
1623.0	0.075581
1623.2	0.075572
1624.2	0.075533
1624.5	0.07552
1624.6	0.075517
1625.0	0.0755
1625.1	0.075498
1625.8	0.075471
1625.9	0.075467
1626.0	0.075463
1626.5	0.075443
1626.6	0.075439
1626.7	0.075434
1627.0	0.075423
1627.1	0.07542
1627.3	0.075413
1627.5	0.075402
1627.6	0.075399
1628.5	0.075366
1628.7	0.075356
1628.8	0.075353
1629.4	0.07533
1629.6	0.075321
1630.1	0.075302
1630.2	0.075299
1630.3	0.075294
1630.6	0.075284
1630.7	0.075278
1630.9	0.075273
1631.3	0.075257
1632.1	0.075225
1632.2	0.075219
1632.7	0.075202
1633.1	0.075187
1633.2	0.07518
1634.2	0.075144
1634.6	0.075126
1635.0	0.075113
1635.1	0.075109
1635.4	0.075097
1635.5	0.075094
1636.5	0.075052
1636.7	0.075044
1637.0	0.075035
1637.7	0.075009
1637.9	0.075
1638.7	0.074967
1639.3	0.074947
1639.7	0.074931
1639.8	0.074927
1640.1	0.074916
1640.5	0.074899
1640.8	0.074886
1641.1	0.074877
1641.9	0.074845
1642.3	0.07483
1642.9	0.074805
1643.1	0.074799
1643.4	0.074786
1644.0	0.074763
1644.6	0.074739
1645.1	0.074721
1645.2	0.074719
1645.4	0.074711
1645.7	0.074697
1645.8	0.074694
1646.7	0.074662
1647.6	0.074625
1647.9	0.074614
1648.3	0.074598
1648.7	0.074583
1648.8	0.074579
1648.9	0.074575
1649.2	0.074563
1649.9	0.074537
1650.4	0.074519
1650.8	0.074502
1651.0	0.074495
1651.2	0.074486
1651.4	0.074481
1651.7	0.074469
1652.1	0.074454
1652.4	0.074443
1652.5	0.074436
1652.6	0.074434
1652.8	0.074428
1653.0	0.074417
1653.1	0.074415
1654.1	0.074376
1654.8	0.074351
1654.9	0.074347
1655.1	0.074338
1655.3	0.074331
1655.4	0.074327
1655.5	0.074322
1656.0	0.074305
1656.6	0.07428
1656.7	0.074277
1656.8	0.074272
1657.0	0.074265
1657.4	0.074252
1658.4	0.074213
1658.7	0.074201
1658.8	0.074198
1659.0	0.074189
1659.2	0.074182
1659.3	0.074178
1659.6	0.074166
1659.8	0.074161
1659.9	0.074154
1660.0	0.074152
1660.6	0.074127
1661.4	0.074098
1661.5	0.074094
1661.6	0.07409
1661.7	0.074088
1662.3	0.074064
1662.4	0.074062
1662.7	0.074049
1663.5	0.074018
1663.6	0.074016
1663.8	0.074006
1663.9	0.074004
1664.1	0.073996
1666.0	0.073924
1666.5	0.073905
1666.9	0.07389
1667.0	0.073887
1667.1	0.073883
1667.4	0.073873
1667.6	0.073864
1667.9	0.073853
1668.7	0.073823
1669.0	0.07381
1669.1	0.073806
1669.3	0.073798
1669.8	0.073779
1670.0	0.073774
1670.2	0.073764
1671.2	0.073727
1671.5	0.073717
1671.8	0.073705
1671.9	0.073702
1672.1	0.073695
1672.9	0.073666
1673.0	0.073658
1673.6	0.073638
1675.3	0.073572
1675.5	0.073568
1675.6	0.073562
1676.0	0.073548
1676.3	0.073537
1676.5	0.07353
1676.8	0.073517
1677.0	0.07351
1677.3	0.0735
1677.4	0.073495
1677.9	0.073476
1678.2	0.073463
1678.7	0.073446
1679.2	0.073426
1679.4	0.073419
1680.0	0.073397
1681.1	0.073355
1681.4	0.073344
1682.4	0.07331
1682.6	0.073302
1682.8	0.073295
1683.0	0.073288
1683.2	0.073279
1683.7	0.07326
1684.0	0.073247
1684.7	0.073222
1685.3	0.073199
1686.2	0.073166
1686.4	0.073159
1686.9	0.073139
1687.1	0.073132
1687.7	0.073112
1687.8	0.073108
1688.1	0.073095
1688.2	0.073091
1688.4	0.073084
1689.4	0.073047
1689.5	0.073045
1689.8	0.073031
1690.1	0.073021
1691.5	0.072971
1691.6	0.072966
1692.1	0.072947
1692.3	0.072939
1692.4	0.072936
1692.5	0.072932
1692.6	0.072931
1694.3	0.072867
1694.4	0.072865
1694.9	0.072845
1695.3	0.072828
1695.6	0.072819
1696.1	0.072798
1696.3	0.072793
1696.6	0.072781
1697.2	0.072761
1697.3	0.072755
1697.5	0.072747
1697.9	0.072735
1698.5	0.072711
1698.7	0.072703
1699.1	0.072688
1699.2	0.072686
1699.7	0.072666
1700.5	0.072637
1700.7	0.07263
1701.6	0.072598
1701.8	0.07259
1703.9	0.072512
1704.6	0.072488
1704.8	0.072479
1705.3	0.072463
1705.4	0.072458
1705.6	0.07245
1705.8	0.072444
1705.9	0.072442
1707.1	0.072395
1707.4	0.072384
1707.7	0.072376
1707.9	0.072366
1708.7	0.072338
1708.8	0.072336
1709.3	0.072316
1710.9	0.072259
1711.6	0.072231
1711.9	0.07222
1713.4	0.072167
1713.6	0.07216
1714.0	0.072144
1714.1	0.072141
1716.0	0.072073
1716.2	0.072066
1716.3	0.072062
1716.6	0.072048
1716.8	0.072042
1717.0	0.072034
1717.9	0.072002
1718.3	0.071988
1718.7	0.071974
1718.8	0.071969
1718.9	0.071967
1719.5	0.071945
1720.5	0.071911
1721.0	0.071889
1721.1	0.071886
1721.5	0.071873
1722.0	0.071853
1723.2	0.07181
1723.3	0.071807
1723.9	0.071787
1724.8	0.071753
1724.9	0.07175
1726.9	0.071678
1727.0	0.071674
1728.3	0.071628
1728.4	0.071624
1729.2	0.071596
1729.5	0.071586
1729.8	0.071573
1730.5	0.07155
1730.9	0.071534
1732.5	0.071477
1733.1	0.071456
1734.3	0.071411
1734.9	0.071391
1735.6	0.071366
1735.7	0.071362
1736.5	0.071334
1737.3	0.071304
1737.4	0.071303
1737.5	0.071298
1739.1	0.071241
1739.4	0.07123
1740.2	0.071203
1740.7	0.071183
1741.0	0.071172
1741.2	0.071166
1741.4	0.071159
1743.5	0.071084
1744.8	0.071038
1745.4	0.071018
1745.5	0.071013
1746.1	0.070991
1746.4	0.070982
1746.6	0.070973
1747.3	0.070951
1747.7	0.070936
1748.2	0.070919
1751.3	0.070808
1751.4	0.070804
1751.5	0.070801
1751.9	0.070787
1752.8	0.070756
1753.7	0.070724
1754.0	0.070713
1754.4	0.070698
1754.7	0.070688
1754.8	0.070685
1755.3	0.070667
1756.4	0.070627
1757.5	0.07059
1758.4	0.070559
1760.7	0.070478
1761.5	0.07045
1762.1	0.070429
1762.4	0.070418
1762.7	0.070406
1764.4	0.070348
1764.9	0.070331
1765.3	0.070318
1767.2	0.070252
1767.8	0.070229
1769.4	0.070173
1769.5	0.070169
1770.4	0.07014
1772.9	0.070051
1773.0	0.070047
1773.3	0.07004
1774.3	0.070004
1775.5	0.069961
1779.0	0.06984
1780.9	0.069776
1781.4	0.069759
1781.6	0.069751
1781.7	0.069747
1782.5	0.069721
1783.5	0.069685
1784.8	0.06964
1784.9	0.069639
1785.1	0.069632
1785.2	0.069627
1785.4	0.069621
1786.3	0.069588
1787.0	0.069566
1788.2	0.069524
1791.2	0.069423
1791.9	0.069398
1792.1	0.069391
1792.5	0.069378
1793.9	0.06933
1797.5	0.069207
1799.5	0.069139
1799.6	0.069134
1799.8	0.069129
1800.1	0.069119
1802.7	0.069032
1803.5	0.069004
1803.6	0.069001
1804.1	0.068982
1807.7	0.068863
1808.4	0.068838
1808.9	0.068823
1809.1	0.068816
1809.4	0.068803
1809.9	0.068786
1810.9	0.068752
1811.4	0.068735
1813.5	0.068666
1814.4	0.068637
1814.8	0.068622
1815.3	0.068605
1816.5	0.068566
1817.8	0.068523
1821.6	0.068396
1823.9	0.068319
1824.4	0.068301
1825.1	0.068279
1827.3	0.068204
1827.6	0.068196
1827.8	0.068187
1829.1	0.068147
1829.6	0.068129
1831.0	0.068083
1831.4	0.06807
1832.3	0.06804
1833.3	0.068006
1834.3	0.067974
1839.9	0.067787
1841.9	0.067723
1842.7	0.067697
1843.0	0.067688
1845.7	0.067599
1846.6	0.067568
1849.0	0.067491
1850.9	0.067429
1853.9	0.06733
1854.7	0.067305
1854.9	0.067299
1855.6	0.067274
1856.2	0.067254
1858.2	0.067189
1861.5	0.067083
1862.7	0.067043
1863.1	0.067031
1863.9	0.067007
1865.4	0.066957
1867.0	0.066904
1868.0	0.066875
1873.8	0.066687
1875.3	0.06664
1881.7	0.066436
1882.6	0.066406
1885.2	0.066322
1887.2	0.06626
1889.6	0.066185
1892.2	0.066101
1893.5	0.066059
1894.3	0.066034
1895.4	0.066001
1896.8	0.065955
1900.2	0.065849
1900.9	0.065826
1901.9	0.065796
1902.5	0.065777
1906.5	0.06565
1909.5	0.065557
1911.0	0.065512
1916.4	0.065341
1926.3	0.065037
1926.7	0.065024
1931.7	0.064869
1933.6	0.064813
1943.5	0.064508
1962.7	0.06393
1970.8	0.063685
1990.5	0.063103
