979.27	0.0055038
985.56	0.0055389
1002.4	0.0056324
1016.7	0.005711
1029.3	0.0057803
1044.8	0.0058647
1046.8	0.0058756
1048.1	0.0058828
1052.5	0.0059065
1067.0	0.0059849
1085.3	0.0060831
1091.0	0.0061137
1093.8	0.0061284
1102.3	0.0061741
1105.2	0.0061895
1109.3	0.0062112
1113.7	0.0062342
1120.1	0.0062683
1120.9	0.0062728
1125.6	0.0062975
1128.1	0.0063109
1131.0	0.0063257
1132.3	0.0063325
1138.8	0.0063668
1144.6	0.0063975
1146.4	0.0064066
1148.0	0.0064151
1148.6	0.0064184
1148.7	0.006419
1149.0	0.0064206
1149.5	0.006423
1151.0	0.0064309
1151.7	0.0064346
1154.3	0.006448
1155.6	0.0064551
1156.2	0.0064582
1157.7	0.0064657
1158.4	0.0064694
1159.1	0.0064732
1162.4	0.0064906
1162.9	0.0064928
1164.4	0.006501
1169.5	0.0065271
1170.2	0.006531
1170.3	0.0065312
1170.8	0.0065342
1172.4	0.0065425
1176.6	0.0065643
1178.3	0.006573
1178.4	0.0065734
1178.6	0.0065745
1182.5	0.0065945
1183.2	0.0065981
1185.8	0.0066119
1186.2	0.0066139
1187.4	0.00662
1187.9	0.0066226
1189.7	0.0066319
1189.8	0.0066326
1190.8	0.0066377
1191.6	0.0066417
1192.8	0.0066477
1194.5	0.0066566
1195.3	0.0066606
1195.9	0.0066637
1196.7	0.0066682
1198.2	0.0066759
1198.3	0.006676
1199.0	0.0066799
1202.0	0.0066951
1202.7	0.006699
1203.1	0.0067007
1204.7	0.006709
1204.8	0.0067095
1206.5	0.0067183
1207.6	0.0067238
1208.1	0.0067267
1208.7	0.0067296
1209.2	0.0067322
1209.9	0.0067357
1210.5	0.0067388
1211.2	0.0067422
1211.7	0.0067447
1214.6	0.0067599
1215.5	0.0067646
1217.3	0.0067735
1218.3	0.0067786
1219.8	0.0067863
1220.4	0.0067894
1221.2	0.0067935
1221.3	0.0067942
1221.6	0.0067954
1222.7	0.0068012
1222.9	0.006802
1223.0	0.0068027
1223.5	0.0068053
1224.9	0.0068126
1225.1	0.0068137
1225.5	0.0068153
1225.8	0.006817
1226.3	0.0068198
1228.5	0.006831
1230.5	0.0068408
1231.0	0.0068433
1231.5	0.0068463
1232.4	0.0068508
1233.1	0.0068542
1234.2	0.0068597
1234.9	0.0068631
1236.4	0.006871
1236.7	0.0068725
1236.9	0.0068735
1237.1	0.0068746
1237.6	0.0068771
1237.8	0.006878
1238.2	0.0068801
1239.8	0.0068881
1240.3	0.0068908
1240.7	0.0068926
1243.7	0.0069081
1244.2	0.0069103
1244.3	0.006911
1244.7	0.006913
1244.8	0.0069135
1245.1	0.006915
1245.4	0.0069168
1245.7	0.0069179
1246.0	0.0069197
1246.8	0.0069236
1247.7	0.0069284
1248.1	0.0069303
1248.4	0.0069319
1248.9	0.0069344
1249.2	0.0069358
1249.3	0.0069362
1249.4	0.0069367
1249.6	0.0069377
1250.6	0.0069427
1251.3	0.0069464
1252.4	0.0069519
1252.7	0.0069535
1254.3	0.0069615
1255.1	0.0069658
1255.2	0.0069662
1258.2	0.0069811
1258.9	0.0069849
1259.1	0.0069856
1259.4	0.0069873
1259.6	0.0069885
1260.3	0.0069917
1260.5	0.0069928
1262.9	0.0070048
1263.6	0.0070086
1264.8	0.0070148
1265.2	0.0070166
1265.6	0.0070183
1265.7	0.0070189
1266.0	0.0070207
1267.2	0.0070264
1267.4	0.0070277
1267.5	0.007028
1268.2	0.0070318
1268.4	0.0070328
1268.7	0.0070342
1269.3	0.0070369
1270.5	0.0070433
1270.6	0.0070437
1270.9	0.0070452
1271.1	0.0070459
1271.2	0.0070469
1271.6	0.0070485
1271.9	0.0070503
1272.0	0.0070507
1272.3	0.0070521
1272.4	0.0070525
1273.0	0.0070558
1273.2	0.0070567
1273.3	0.0070572
1273.6	0.0070589
1273.7	0.0070592
1274.7	0.0070644
1275.3	0.0070675
1276.5	0.0070734
1276.8	0.0070748
1277.7	0.0070795
1278.2	0.0070819
1278.6	0.0070836
1278.9	0.0070851
1279.2	0.0070866
1279.6	0.0070886
1279.9	0.0070902
1280.7	0.0070941
1281.6	0.0070988
1281.8	0.0070999
1282.4	0.0071026
1282.6	0.0071041
1282.9	0.0071054
1284.3	0.0071121
1284.4	0.007113
1284.7	0.0071142
1285.3	0.0071173
1286.7	0.0071244
1287.2	0.0071267
1287.4	0.0071278
1288.0	0.0071309
1288.3	0.0071322
1288.4	0.0071328
1288.5	0.0071332
1290.8	0.0071449
1291.5	0.0071485
1291.7	0.0071491
1291.9	0.0071504
1292.5	0.0071534
1292.6	0.0071536
1293.2	0.0071569
1293.3	0.0071573
1293.8	0.00716
1294.2	0.0071619
1294.6	0.0071637
1295.9	0.0071704
1296.1	0.007171
1296.3	0.0071723
1298.2	0.0071818
1298.3	0.0071821
1298.9	0.0071854
1299.2	0.0071865
1299.8	0.0071896
1300.0	0.0071906
1300.3	0.0071923
1300.9	0.0071953
1302.3	0.0072021
1302.4	0.0072026
1302.6	0.0072033
1303.3	0.007207
1305.0	0.0072155
1305.6	0.0072187
1306.6	0.0072233
1306.8	0.0072243
1307.5	0.0072279
1309.9	0.0072398
1310.7	0.0072437
1310.9	0.007245
1311.0	0.0072452
1311.3	0.0072465
1311.9	0.00725
1312.0	0.0072501
1312.5	0.0072525
1312.6	0.0072534
1313.5	0.0072575
1314.4	0.0072622
1314.9	0.0072645
1315.2	0.0072661
1315.6	0.0072682
1315.8	0.0072689
1316.1	0.0072704
1316.2	0.007271
1317.1	0.0072753
1317.5	0.0072772
1318.1	0.0072804
1318.7	0.0072835
1319.0	0.007285
1319.1	0.0072856
1319.6	0.0072878
1319.7	0.0072884
1320.4	0.0072918
1320.7	0.0072934
1320.9	0.0072945
1321.5	0.0072973
1321.6	0.0072977
1321.8	0.0072987
1322.7	0.0073033
1322.9	0.0073041
1323.2	0.0073055
1324.1	0.0073101
1324.4	0.0073113
1325.2	0.0073153
1325.3	0.0073158
1325.4	0.0073164
1325.5	0.0073168
1325.7	0.0073178
1325.9	0.0073189
1326.0	0.0073192
1326.3	0.0073211
1327.2	0.0073256
1327.5	0.0073268
1329.0	0.0073345
1329.7	0.0073375
1330.4	0.007341
1331.2	0.0073453
1331.6	0.0073469
1332.5	0.0073515
1333.5	0.0073567
1333.7	0.0073572
1334.1	0.0073593
1334.2	0.0073597
1335.4	0.0073658
1335.8	0.0073677
1335.9	0.007368
1336.1	0.0073693
1336.2	0.0073697
1337.0	0.0073738
1337.2	0.0073744
1337.8	0.0073775
1337.9	0.0073781
1338.2	0.0073793
1338.9	0.0073831
1339.6	0.0073865
1339.8	0.0073874
1340.1	0.0073887
1340.6	0.0073915
1340.8	0.0073925
1341.0	0.0073931
1341.8	0.007397
1342.2	0.0073989
1342.3	0.0073998
1342.5	0.0074008
1343.3	0.0074045
1343.4	0.0074052
1343.5	0.0074058
1343.6	0.0074063
1343.8	0.0074072
1344.1	0.0074087
1344.3	0.0074097
1344.4	0.00741
1345.2	0.0074139
1345.4	0.0074151
1345.6	0.0074158
1346.5	0.0074201
1346.6	0.0074206
1346.8	0.007422
1346.9	0.0074224
1347.0	0.0074225
1347.4	0.0074249
1347.6	0.0074257
1347.8	0.0074269
1348.2	0.0074288
1348.3	0.0074291
1348.6	0.0074305
1348.8	0.0074315
1349.4	0.0074345
1349.7	0.0074362
1350.3	0.007439
1350.4	0.0074394
1350.8	0.0074413
1351.0	0.0074425
1351.1	0.0074429
1351.5	0.0074446
1351.6	0.0074453
1352.2	0.0074482
1352.3	0.0074486
1352.9	0.0074516
1353.0	0.0074522
1353.4	0.0074542
1353.8	0.0074562
1353.9	0.0074565
1354.0	0.0074568
1354.1	0.0074574
1354.3	0.0074586
1354.5	0.0074595
1354.6	0.00746
1355.0	0.0074618
1355.1	0.0074626
1355.5	0.0074646
1356.1	0.0074672
1356.2	0.0074679
1356.4	0.0074687
1356.7	0.0074702
1357.0	0.0074715
1357.5	0.0074742
1357.7	0.0074751
1358.2	0.0074777
1358.3	0.0074781
1358.4	0.0074783
1358.5	0.0074789
1359.1	0.007482
1359.8	0.0074854
1359.9	0.007486
1360.4	0.0074881
1360.6	0.0074892
1360.8	0.0074902
1360.9	0.0074907
1361.1	0.0074919
1362.4	0.0074979
1363.7	0.0075043
1364.3	0.0075076
1364.5	0.0075083
1364.9	0.0075105
1365.1	0.0075114
1365.5	0.0075134
1365.6	0.0075137
1365.9	0.007515
1366.0	0.0075155
1366.3	0.007517
1366.8	0.0075193
1367.3	0.0075222
1367.5	0.007523
1368.0	0.0075252
1368.9	0.0075298
1369.1	0.0075307
1369.5	0.0075325
1369.7	0.0075335
1370.1	0.0075356
1371.7	0.0075432
1371.9	0.0075446
1372.1	0.0075455
1372.2	0.0075457
1372.6	0.0075476
1372.8	0.0075489
1372.9	0.0075491
1373.0	0.0075499
1374.3	0.0075559
1375.0	0.0075593
1375.2	0.0075603
1375.3	0.0075608
1376.4	0.0075664
1377.0	0.0075692
1377.1	0.0075697
1377.4	0.0075712
1377.7	0.0075725
1377.9	0.0075735
1378.2	0.007575
1378.3	0.0075753
1378.5	0.0075763
1378.6	0.0075771
1378.7	0.0075772
1378.8	0.0075781
1379.3	0.0075803
1380.1	0.0075842
1380.7	0.0075871
1381.2	0.0075897
1381.6	0.0075915
1381.9	0.007593
1382.4	0.0075955
1382.5	0.0075959
1382.9	0.0075978
1383.0	0.0075982
1383.3	0.0075999
1383.4	0.0076005
1383.5	0.0076007
1383.6	0.0076013
1383.8	0.0076021
1384.4	0.0076052
1384.7	0.0076066
1384.8	0.007607
1385.1	0.0076086
1385.4	0.0076102
1385.9	0.0076124
1386.2	0.0076138
1386.5	0.0076151
1386.6	0.0076159
1386.7	0.0076164
1387.3	0.0076194
1387.7	0.0076209
1388.1	0.0076231
1388.7	0.007626
1390.0	0.0076321
1390.2	0.0076334
1390.4	0.0076343
1390.7	0.0076358
1390.9	0.0076366
1391.1	0.0076375
1391.4	0.0076391
1391.7	0.0076404
1391.8	0.007641
1391.9	0.0076413
1392.0	0.0076421
1393.1	0.0076475
1393.5	0.0076492
1393.9	0.0076512
1394.3	0.0076529
1395.1	0.0076571
1396.2	0.007662
1396.9	0.0076656
1397.1	0.0076665
1397.4	0.0076681
1398.0	0.007671
1398.1	0.0076716
1398.5	0.0076733
1398.7	0.0076745
1399.7	0.007679
1399.8	0.0076798
1399.9	0.0076803
1400.1	0.007681
1400.4	0.0076827
1401.2	0.0076863
1401.5	0.0076878
1401.6	0.0076883
1401.7	0.0076889
1401.8	0.007689
1401.9	0.0076899
1402.1	0.0076905
1402.6	0.0076929
1402.9	0.0076946
1403.0	0.0076949
1403.3	0.0076966
1403.5	0.0076973
1404.0	0.0076997
1404.1	0.0077003
1404.4	0.007702
1404.6	0.007703
1405.2	0.0077058
1405.4	0.0077067
1405.9	0.0077092
1406.2	0.0077103
1406.8	0.0077133
1406.9	0.0077138
1407.0	0.0077142
1407.2	0.0077153
1407.3	0.007716
1407.8	0.0077184
1408.3	0.0077205
1408.9	0.0077235
1409.3	0.0077252
1409.4	0.0077261
1409.6	0.0077268
1410.2	0.0077299
1410.4	0.0077305
1410.6	0.0077317
1410.7	0.007732
1410.9	0.007733
1411.4	0.0077356
1411.9	0.0077381
1412.1	0.0077388
1413.2	0.0077442
1413.3	0.0077445
1413.5	0.0077455
1413.7	0.0077465
1413.8	0.007747
1413.9	0.0077473
1414.0	0.0077479
1414.4	0.0077501
1414.5	0.0077503
1414.6	0.0077507
1414.9	0.0077524
1415.4	0.007755
1415.6	0.0077559
1415.7	0.0077562
1416.4	0.0077595
1416.8	0.0077613
1417.2	0.0077636
1417.5	0.0077647
1418.2	0.0077682
1418.5	0.0077695
1418.6	0.0077703
1419.4	0.0077741
1419.6	0.007775
1419.8	0.0077757
1420.1	0.0077774
1420.3	0.0077781
1420.4	0.0077786
1420.9	0.007781
1421.6	0.0077847
1421.7	0.0077849
1421.8	0.0077854
1421.9	0.0077859
1422.3	0.0077877
1422.5	0.0077886
1422.6	0.0077895
1422.7	0.0077896
1423.3	0.0077928
1423.6	0.0077941
1423.7	0.0077944
1424.4	0.0077977
1424.5	0.0077985
1424.6	0.0077991
1425.0	0.0078008
1425.1	0.0078013
1425.4	0.0078027
1425.5	0.0078033
1425.8	0.0078044
1426.5	0.007808
1426.9	0.00781
1427.0	0.0078106
1427.1	0.0078111
1427.3	0.0078117
1427.7	0.0078136
1428.0	0.007815
1428.2	0.0078163
1428.5	0.0078176
1428.8	0.0078189
1428.9	0.0078196
1429.2	0.0078207
1429.5	0.0078225
1430.0	0.0078249
1430.1	0.0078251
1430.4	0.0078267
1430.5	0.0078271
1430.7	0.0078283
1430.8	0.0078287
1431.1	0.00783
1431.4	0.0078314
1431.7	0.0078327
1431.8	0.0078335
1431.9	0.007834
1432.0	0.0078344
1432.3	0.0078356
1433.0	0.0078389
1433.3	0.0078404
1433.7	0.0078422
1433.8	0.007843
1433.9	0.0078436
1434.0	0.0078439
1434.2	0.0078447
1434.4	0.0078457
1434.5	0.0078462
1434.7	0.0078472
1435.0	0.0078485
1435.2	0.0078496
1435.6	0.0078514
1436.1	0.0078538
1436.9	0.0078579
1437.2	0.0078592
1437.3	0.0078594
1437.5	0.0078605
1438.1	0.0078634
1438.4	0.007865
1438.5	0.0078652
1439.4	0.0078698
1439.5	0.0078703
1439.6	0.0078708
1439.9	0.0078723
1440.0	0.0078727
1440.1	0.0078729
1440.2	0.0078736
1440.3	0.0078738
1441.7	0.0078807
1442.2	0.007883
1442.5	0.0078844
1442.6	0.0078847
1442.7	0.0078854
1443.0	0.007887
1443.7	0.0078902
1443.8	0.0078908
1444.0	0.0078915
1444.1	0.0078922
1444.3	0.007893
1444.4	0.0078936
1444.6	0.0078947
1444.9	0.0078959
1445.5	0.0078988
1445.7	0.0078999
1445.9	0.0079008
1446.3	0.0079025
1446.6	0.0079042
1446.9	0.0079054
1447.3	0.0079074
1447.6	0.0079089
1447.9	0.0079101
1448.0	0.0079105
1448.2	0.0079118
1448.6	0.0079135
1448.7	0.0079139
1448.8	0.0079146
1449.1	0.0079157
1449.2	0.0079163
1449.3	0.0079171
1449.6	0.0079181
1450.3	0.0079219
1450.4	0.007922
1450.5	0.0079226
1450.8	0.0079241
1450.9	0.0079243
1451.1	0.0079257
1451.2	0.0079261
1451.6	0.0079276
1452.4	0.0079315
1452.5	0.0079322
1452.7	0.0079332
1453.4	0.0079362
1453.5	0.0079369
1453.8	0.0079384
1454.0	0.0079391
1454.4	0.0079409
1454.7	0.0079423
1455.0	0.007944
1456.0	0.0079485
1456.3	0.0079503
1456.5	0.0079511
1456.7	0.0079521
1457.2	0.0079546
1457.9	0.0079577
1458.0	0.0079582
1458.1	0.0079587
1458.4	0.0079601
1458.6	0.0079612
1458.7	0.0079618
1459.1	0.0079634
1459.2	0.0079639
1459.6	0.0079658
1460.0	0.0079677
1460.2	0.0079687
1460.4	0.0079698
1460.5	0.00797
1460.6	0.0079707
1460.7	0.0079712
1461.0	0.0079725
1461.3	0.0079738
1461.4	0.0079742
1461.5	0.0079748
1462.0	0.0079772
1462.6	0.0079801
1463.1	0.0079822
1463.8	0.0079859
1464.0	0.0079866
1464.1	0.0079872
1464.2	0.0079878
1464.3	0.007988
1464.5	0.0079889
1465.0	0.0079917
1465.1	0.0079919
1465.2	0.0079923
1465.8	0.0079953
1466.0	0.0079962
1466.3	0.0079976
1466.5	0.0079983
1466.9	0.0080002
1467.2	0.0080019
1467.4	0.008003
1467.7	0.0080042
1467.8	0.0080048
1468.0	0.0080055
1468.3	0.008007
1468.4	0.0080074
1468.6	0.0080087
1468.7	0.008009
1468.8	0.0080094
1469.2	0.0080111
1469.4	0.0080121
1469.5	0.0080128
1469.6	0.0080134
1469.7	0.0080135
1470.0	0.0080151
1470.3	0.0080165
1470.7	0.0080183
1471.1	0.0080203
1471.3	0.0080215
1471.6	0.0080228
1472.1	0.0080251
1472.2	0.0080256
1472.3	0.008026
1472.4	0.0080266
1472.6	0.0080276
1472.8	0.0080286
1473.4	0.0080311
1473.6	0.0080321
1473.7	0.0080328
1473.9	0.0080337
1474.1	0.0080346
1474.3	0.0080353
1474.8	0.008038
1475.5	0.0080411
1476.1	0.0080438
1477.1	0.0080489
1477.2	0.0080492
1477.4	0.0080502
1477.5	0.0080507
1478.0	0.0080528
1478.1	0.0080534
1478.3	0.0080544
1479.3	0.0080592
1479.5	0.00806
1479.6	0.0080605
1479.9	0.008062
1480.1	0.0080627
1480.3	0.0080636
1480.5	0.0080645
1480.8	0.008066
1480.9	0.0080665
1481.3	0.0080685
1481.6	0.0080698
1481.7	0.0080706
1481.8	0.0080707
1482.3	0.0080733
1483.0	0.0080765
1483.1	0.0080773
1483.3	0.0080779
1483.5	0.008079
1484.0	0.0080812
1484.2	0.0080823
1484.3	0.0080827
1484.8	0.0080849
1485.2	0.0080868
1485.4	0.0080879
1485.5	0.0080885
1485.7	0.0080892
1486.3	0.0080919
1486.4	0.0080925
1486.6	0.0080937
1486.7	0.0080941
1486.9	0.0080951
1487.2	0.0080963
1487.3	0.0080969
1487.6	0.0080981
1488.0	0.0081
1488.2	0.008101
1488.6	0.008103
1488.7	0.0081035
1489.1	0.0081055
1489.3	0.0081064
1489.5	0.0081073
1489.6	0.0081078
1489.8	0.0081087
1490.0	0.0081094
1490.2	0.0081104
1490.3	0.0081111
1491.1	0.0081149
1491.2	0.0081151
1491.6	0.008117
1491.8	0.0081182
1491.9	0.0081185
1492.0	0.0081189
1492.1	0.0081192
1492.2	0.0081199
1492.3	0.0081203
1492.5	0.0081213
1493.0	0.0081237
1493.1	0.0081242
1493.2	0.0081244
1493.5	0.0081261
1493.9	0.008128
1494.0	0.0081283
1494.4	0.0081303
1494.8	0.0081319
1494.9	0.0081325
1495.0	0.008133
1495.1	0.0081336
1495.4	0.008135
1495.8	0.008137
1495.9	0.0081373
1496.8	0.0081413
1497.1	0.0081429
1497.4	0.0081443
1497.7	0.0081456
1497.8	0.0081464
1498.3	0.0081488
1498.4	0.008149
1498.5	0.0081495
1498.8	0.008151
1499.5	0.0081541
1499.6	0.0081548
1499.7	0.0081551
1499.9	0.008156
1500.6	0.0081595
1500.8	0.0081605
1501.1	0.0081619
1501.4	0.008163
1501.6	0.0081639
1501.7	0.0081646
1501.9	0.0081655
1502.2	0.0081671
1502.3	0.0081673
1502.7	0.0081693
1502.9	0.0081703
1503.0	0.0081705
1503.1	0.0081712
1503.3	0.008172
1503.4	0.0081725
1503.5	0.0081731
1503.8	0.0081743
1503.9	0.0081749
1504.0	0.0081756
1504.2	0.0081762
1504.6	0.0081782
1504.7	0.0081786
1504.8	0.008179
1505.1	0.0081803
1505.3	0.0081817
1505.5	0.0081823
1505.6	0.0081829
1506.0	0.0081847
1506.4	0.0081867
1506.5	0.008187
1506.7	0.0081878
1507.1	0.0081898
1507.2	0.0081904
1507.3	0.0081908
1507.4	0.0081911
1507.5	0.0081918
1507.6	0.0081922
1507.9	0.0081937
1508.5	0.0081962
1508.8	0.0081978
1509.0	0.0081989
1509.2	0.0081999
1509.4	0.0082008
1509.5	0.0082011
1509.6	0.0082014
1510.0	0.0082035
1510.3	0.008205
1510.6	0.0082064
1510.9	0.0082076
1511.2	0.0082089
1511.4	0.00821
1511.6	0.0082108
1511.7	0.0082113
1511.8	0.008212
1511.9	0.0082122
1512.0	0.0082127
1512.1	0.0082132
1512.2	0.0082139
1512.4	0.0082146
1512.7	0.0082161
1512.9	0.0082169
1513.0	0.0082175
1513.3	0.0082189
1513.5	0.0082197
1513.6	0.0082205
1513.7	0.0082209
1514.4	0.0082238
1514.7	0.0082253
1514.8	0.0082259
1515.0	0.0082269
1515.1	0.0082275
1516.5	0.008234
1516.6	0.0082344
1516.8	0.0082351
1516.9	0.0082357
1517.4	0.0082381
1517.5	0.0082388
1517.6	0.0082388
1518.1	0.0082413
1518.4	0.0082429
1518.5	0.0082433
1518.7	0.0082443
1519.1	0.0082462
1519.4	0.0082474
1519.7	0.0082489
1519.9	0.0082498
1520.5	0.0082527
1520.6	0.0082529
1520.7	0.0082537
1521.0	0.0082549
1521.7	0.0082582
1522.0	0.0082597
1522.2	0.0082604
1522.3	0.008261
1522.4	0.0082616
1522.6	0.0082625
1522.7	0.0082626
1522.8	0.0082634
1523.2	0.0082652
1523.4	0.008266
1523.9	0.0082685
1524.3	0.0082702
1524.4	0.008271
1524.5	0.0082715
1524.6	0.0082718
1524.8	0.0082729
1524.9	0.0082733
1525.0	0.0082735
1525.1	0.0082739
1526.0	0.0082781
1526.2	0.0082793
1526.3	0.0082797
1526.4	0.0082801
1526.8	0.0082819
1527.1	0.0082833
1527.7	0.008286
1527.8	0.0082869
1527.9	0.0082871
1528.1	0.0082881
1528.2	0.0082887
1528.6	0.0082903
1528.7	0.008291
1529.0	0.0082924
1529.3	0.0082938
1529.8	0.0082961
1530.0	0.0082969
1530.1	0.0082972
1530.8	0.0083007
1530.9	0.0083013
1531.0	0.0083017
1531.7	0.0083047
1532.0	0.0083063
1532.1	0.0083069
1532.2	0.0083072
1532.6	0.0083092
1532.9	0.0083104
1533.4	0.0083127
1533.5	0.0083133
1533.6	0.0083135
1533.7	0.0083142
1534.8	0.0083192
1535.2	0.0083211
1535.4	0.008322
1535.5	0.0083225
1535.6	0.0083232
1535.8	0.0083241
1536.3	0.0083261
1536.4	0.0083265
1536.5	0.0083273
1536.6	0.0083275
1536.7	0.0083281
1537.0	0.0083297
1537.1	0.00833
1537.2	0.0083306
1537.4	0.0083314
1537.7	0.0083327
1537.9	0.0083339
1538.0	0.0083342
1538.6	0.0083371
1538.7	0.0083373
1538.9	0.0083381
1539.0	0.008339
1539.5	0.0083412
1540.0	0.0083433
1540.2	0.0083442
1540.4	0.0083451
1540.5	0.0083457
1540.6	0.0083464
1541.3	0.0083493
1541.6	0.0083508
1541.7	0.0083513
1541.8	0.008352
1542.3	0.008354
1542.8	0.0083566
1542.9	0.0083568
1543.2	0.0083584
1543.8	0.0083609
1544.3	0.0083632
1544.6	0.008365
1545.0	0.0083668
1545.3	0.0083679
1545.4	0.0083687
1545.5	0.008369
1546.1	0.008372
1546.2	0.0083723
1546.3	0.0083728
1546.5	0.0083738
1546.6	0.008374
1547.4	0.0083776
1547.7	0.0083794
1548.1	0.0083809
1548.5	0.0083828
1548.6	0.0083832
1548.9	0.0083847
1549.0	0.0083852
1549.1	0.0083858
1549.3	0.0083866
1549.5	0.0083875
1550.0	0.0083897
1550.3	0.0083912
1550.7	0.0083933
1551.0	0.0083946
1551.4	0.0083963
1551.5	0.0083967
1551.9	0.0083988
1552.0	0.008399
1552.2	0.0084001
1552.3	0.0084006
1552.7	0.0084023
1553.0	0.0084036
1553.1	0.0084041
1553.6	0.0084066
1553.7	0.0084072
1553.8	0.0084074
1554.2	0.0084094
1554.5	0.0084106
1554.6	0.0084113
1554.9	0.0084127
1555.3	0.0084143
1555.4	0.0084149
1555.5	0.0084154
1555.7	0.0084161
1555.8	0.0084166
1556.1	0.0084183
1556.6	0.0084206
1557.2	0.0084233
1558.0	0.008427
1558.1	0.0084272
1559.1	0.0084318
1559.2	0.0084327
1559.3	0.008433
1561.4	0.0084426
1561.9	0.0084448
1562.1	0.0084457
1562.3	0.0084467
1562.7	0.0084487
1563.1	0.0084506
1563.2	0.008451
1563.4	0.0084521
1563.5	0.0084526
1563.6	0.008453
1563.7	0.0084534
1564.2	0.0084558
1564.4	0.0084564
1564.8	0.0084583
1565.3	0.0084607
1565.9	0.0084633
1566.2	0.0084648
1566.3	0.0084655
1566.5	0.008466
1567.1	0.0084688
1567.7	0.0084717
1567.9	0.0084725
1568.1	0.0084735
1568.2	0.008474
1568.6	0.0084758
1568.7	0.0084765
1568.8	0.0084767
1569.0	0.0084777
1569.1	0.0084784
1569.3	0.0084794
1569.4	0.0084796
1570.0	0.0084824
1570.3	0.0084837
1570.8	0.008486
1572.0	0.0084916
1572.1	0.0084922
1572.2	0.0084924
1572.4	0.0084937
1572.6	0.0084945
1573.2	0.0084971
1573.4	0.0084981
1573.6	0.0084989
1573.7	0.0084996
1574.1	0.0085014
1574.7	0.0085042
1574.8	0.0085044
1574.9	0.008505
1575.1	0.0085058
1575.2	0.0085062
1575.4	0.0085074
1575.6	0.0085082
1575.7	0.0085086
1576.0	0.0085101
1576.2	0.0085112
1576.3	0.0085114
1576.9	0.0085143
1577.5	0.0085168
1577.6	0.0085174
1577.8	0.0085182
1577.9	0.0085189
1578.1	0.0085196
1578.2	0.0085202
1578.3	0.0085206
1578.5	0.0085215
1578.7	0.0085226
1578.8	0.008523
1579.6	0.0085267
1579.7	0.008527
1580.1	0.0085291
1580.2	0.0085293
1580.3	0.0085299
1580.6	0.0085313
1580.7	0.0085317
1581.1	0.0085336
1581.2	0.0085342
1581.7	0.0085365
1582.2	0.0085388
1582.5	0.0085399
1582.6	0.0085403
1582.9	0.008542
1583.1	0.0085428
1583.2	0.0085434
1583.5	0.0085445
1583.6	0.0085451
1583.9	0.0085466
1584.2	0.0085476
1584.3	0.0085482
1584.4	0.0085486
1584.5	0.0085493
1584.8	0.0085508
1585.0	0.0085517
1585.4	0.0085533
1585.5	0.0085539
1585.8	0.0085554
1587.2	0.0085618
1587.3	0.0085619
1587.7	0.0085639
1589.1	0.0085706
1589.2	0.0085707
1590.3	0.0085759
1590.4	0.0085764
1591.7	0.0085821
1591.8	0.0085828
1591.9	0.0085834
1592.3	0.0085851
1592.6	0.0085866
1592.7	0.0085869
1592.9	0.008588
1593.7	0.0085917
1593.8	0.0085918
1594.1	0.0085931
1594.8	0.0085967
1595.0	0.0085973
1595.2	0.0085986
1595.4	0.0085995
1595.9	0.0086015
1596.0	0.0086021
1596.1	0.0086025
1596.2	0.0086027
1596.4	0.0086038
1596.5	0.0086041
1596.6	0.0086046
1596.7	0.0086052
1596.8	0.0086058
1597.3	0.0086079
1597.4	0.0086083
1597.6	0.0086092
1597.9	0.0086109
1598.3	0.0086127
1598.4	0.0086131
1598.5	0.0086135
1598.6	0.0086138
1598.9	0.0086154
1599.0	0.008616
1599.1	0.0086164
1599.4	0.0086175
1599.7	0.0086188
1600.2	0.0086214
1600.4	0.0086221
1601.3	0.0086263
1601.6	0.0086277
1602.1	0.0086298
1602.2	0.0086303
1602.4	0.0086314
1602.8	0.008633
1603.0	0.0086342
1604.0	0.0086386
1604.6	0.0086416
1604.8	0.0086425
1605.7	0.0086464
1605.9	0.0086473
1606.0	0.0086477
1606.2	0.008649
1606.5	0.00865
1606.6	0.0086505
1606.7	0.0086511
1606.9	0.0086521
1607.2	0.0086536
1607.3	0.0086539
1607.5	0.0086548
1608.1	0.0086574
1608.2	0.0086577
1609.2	0.0086626
1609.5	0.0086636
1609.6	0.0086643
1609.7	0.008665
1610.1	0.0086665
1610.5	0.0086684
1610.9	0.00867
1611.9	0.0086748
1612.0	0.0086754
1612.1	0.0086759
1612.3	0.0086765
1612.4	0.008677
1612.7	0.0086787
1613.2	0.0086806
1613.4	0.0086818
1613.5	0.0086822
1613.6	0.0086825
1614.3	0.0086859
1614.6	0.0086873
1614.9	0.0086886
1615.1	0.0086893
1615.2	0.0086899
1615.8	0.0086929
1616.1	0.0086941
1616.4	0.0086953
1616.6	0.0086964
1616.8	0.0086973
1617.4	0.0086998
1617.8	0.008702
1618.0	0.0087028
1618.3	0.008704
1619.1	0.0087078
1619.2	0.0087083
1619.4	0.0087092
1620.0	0.008712
1620.3	0.0087132
1620.4	0.0087136
1621.1	0.008717
1621.3	0.0087177
1622.1	0.0087214
1622.2	0.0087218
1622.4	0.0087228
1623.0	0.0087254
1623.2	0.0087265
1624.2	0.008731
1624.5	0.0087325
1624.6	0.0087328
1625.0	0.0087348
1625.1	0.008735
1625.8	0.0087382
1625.9	0.0087387
1626.0	0.0087391
1626.5	0.0087415
1626.6	0.008742
1626.7	0.0087425
1627.0	0.0087438
1627.1	0.0087441
1627.3	0.0087449
1627.5	0.0087462
1627.6	0.0087466
1628.5	0.0087504
1628.7	0.0087516
1628.8	0.0087519
1629.4	0.0087546
1629.6	0.0087557
1630.1	0.0087579
1630.2	0.0087582
1630.3	0.0087588
1630.6	0.00876
1630.7	0.0087607
1630.9	0.0087613
1631.3	0.0087632
1632.1	0.0087669
1632.2	0.0087676
1632.7	0.0087696
1633.1	0.0087714
1633.2	0.0087721
1634.2	0.0087764
1634.6	0.0087785
1635.0	0.00878
1635.1	0.0087804
1635.4	0.0087819
1635.5	0.0087822
1636.5	0.0087872
1636.7	0.0087881
1637.0	0.0087892
1637.7	0.0087922
1637.9	0.0087933
1638.7	0.0087972
1639.3	0.0087995
1639.7	0.0088014
1639.8	0.0088019
1640.1	0.0088031
1640.5	0.0088051
1640.8	0.0088067
1641.1	0.0088078
1641.9	0.0088115
1642.3	0.0088132
1642.9	0.0088161
1643.1	0.0088169
1643.4	0.0088185
1644.0	0.0088212
1644.6	0.0088239
1645.1	0.008826
1645.2	0.0088264
1645.4	0.0088272
1645.7	0.0088289
1645.8	0.0088293
1646.7	0.0088331
1647.6	0.0088374
1647.9	0.0088387
1648.3	0.0088406
1648.7	0.0088423
1648.8	0.0088429
1648.9	0.0088434
1649.2	0.0088448
1649.9	0.0088478
1650.4	0.0088499
1650.8	0.0088519
1651.0	0.0088528
1651.2	0.0088538
1651.4	0.0088545
1651.7	0.0088558
1652.1	0.0088576
1652.4	0.0088589
1652.5	0.0088598
1652.6	0.0088599
1652.8	0.0088607
1653.0	0.008862
1653.1	0.0088623
1654.1	0.0088669
1654.8	0.0088698
1654.9	0.0088703
1655.1	0.0088714
1655.3	0.0088722
1655.4	0.0088726
1655.5	0.0088733
1656.0	0.0088753
1656.6	0.0088782
1656.7	0.0088786
1656.8	0.0088792
1657.0	0.00888
1657.4	0.0088816
1658.4	0.0088863
1658.7	0.0088876
1658.8	0.008888
1659.0	0.0088891
1659.2	0.0088899
1659.3	0.0088904
1659.6	0.0088918
1659.8	0.0088924
1659.9	0.0088932
1660.0	0.0088935
1660.6	0.0088964
1661.4	0.0088999
1661.5	0.0089004
1661.6	0.0089009
1661.7	0.0089011
1662.3	0.008904
1662.4	0.0089042
1662.7	0.0089057
1663.5	0.0089094
1663.6	0.0089097
1663.8	0.0089109
1663.9	0.0089111
1664.1	0.008912
1666.0	0.0089207
1666.5	0.0089229
1666.9	0.0089247
1667.0	0.0089251
1667.1	0.0089255
1667.4	0.0089268
1667.6	0.0089278
1667.9	0.0089291
1668.7	0.0089328
1669.0	0.0089342
1669.1	0.0089347
1669.3	0.0089357
1669.8	0.008938
1670.0	0.0089386
1670.2	0.0089397
1671.2	0.0089443
1671.5	0.0089454
1671.8	0.0089468
1671.9	0.0089472
1672.1	0.0089481
1672.9	0.0089515
1673.0	0.0089524
1673.6	0.0089549
1675.3	0.0089628
1675.5	0.0089633
1675.6	0.008964
1676.0	0.0089657
1676.3	0.008967
1676.5	0.0089678
1676.8	0.0089694
1677.0	0.0089703
1677.3	0.0089715
1677.4	0.008972
1677.9	0.0089743
1678.2	0.0089759
1678.7	0.008978
1679.2	0.0089803
1679.4	0.0089812
1680.0	0.0089839
1681.1	0.0089889
1681.4	0.0089903
1682.4	0.0089944
1682.6	0.0089953
1682.8	0.0089962
1683.0	0.0089971
1683.2	0.0089981
1683.7	0.0090004
1684.0	0.009002
1684.7	0.009005
1685.3	0.0090077
1686.2	0.0090118
1686.4	0.0090126
1686.9	0.009015
1687.1	0.0090159
1687.7	0.0090183
1687.8	0.0090187
1688.1	0.0090203
1688.2	0.0090209
1688.4	0.0090216
1689.4	0.0090262
1689.5	0.0090264
1689.8	0.009028
1690.1	0.0090294
1691.5	0.0090354
1691.6	0.0090359
1692.1	0.0090383
1692.3	0.0090393
1692.4	0.0090396
1692.5	0.0090401
1692.6	0.0090403
1694.3	0.009048
1694.4	0.0090483
1694.9	0.0090507
1695.3	0.0090527
1695.6	0.0090538
1696.1	0.0090564
1696.3	0.009057
1696.6	0.0090585
1697.2	0.009061
1697.3	0.0090617
1697.5	0.0090626
1697.9	0.0090641
1698.5	0.009067
1698.7	0.009068
1699.1	0.0090697
1699.2	0.00907
1699.7	0.0090725
1700.5	0.009076
1700.7	0.0090769
1701.6	0.0090807
1701.8	0.0090817
1703.9	0.0090913
1704.6	0.0090942
1704.8	0.0090954
1705.3	0.0090972
1705.4	0.0090979
1705.6	0.0090989
1705.8	0.0090996
1705.9	0.0090999
1707.1	0.0091056
1707.4	0.0091069
1707.7	0.009108
1707.9	0.0091092
1708.7	0.0091126
1708.8	0.0091129
1709.3	0.0091153
1710.9	0.0091222
1711.6	0.0091257
1711.9	0.009127
1713.4	0.0091336
1713.6	0.0091344
1714.0	0.0091364
1714.1	0.0091367
1716.0	0.0091452
1716.2	0.009146
1716.3	0.0091465
1716.6	0.0091482
1716.8	0.0091489
1717.0	0.0091499
1717.9	0.0091539
1718.3	0.0091557
1718.7	0.0091574
1718.8	0.009158
1718.9	0.0091582
1719.5	0.009161
1720.5	0.0091652
1721.0	0.0091678
1721.1	0.0091682
1721.5	0.0091698
1722.0	0.0091723
1723.2	0.0091776
1723.3	0.009178
1723.9	0.0091805
1724.8	0.0091847
1724.9	0.009185
1726.9	0.0091939
1727.0	0.0091945
1728.3	0.0092002
1728.4	0.0092007
1729.2	0.0092042
1729.5	0.0092054
1729.8	0.009207
1730.5	0.0092098
1730.9	0.0092119
1732.5	0.009219
1733.1	0.0092216
1734.3	0.0092272
1734.9	0.0092297
1735.6	0.0092327
1735.7	0.0092333
1736.5	0.0092368
1737.3	0.0092405
1737.4	0.0092407
1737.5	0.0092413
1739.1	0.0092483
1739.4	0.0092497
1740.2	0.0092532
1740.7	0.0092556
1741.0	0.009257
1741.2	0.0092578
1741.4	0.0092586
1743.5	0.009268
1744.8	0.0092738
1745.4	0.0092764
1745.5	0.0092769
1746.1	0.0092797
1746.4	0.0092809
1746.6	0.0092819
1747.3	0.0092847
1747.7	0.0092867
1748.2	0.0092887
1751.3	0.0093027
1751.4	0.0093032
1751.5	0.0093036
1751.9	0.0093053
1752.8	0.0093092
1753.7	0.0093132
1754.0	0.0093147
1754.4	0.0093165
1754.7	0.0093178
1754.8	0.0093182
1755.3	0.0093205
1756.4	0.0093255
1757.5	0.0093302
1758.4	0.0093342
1760.7	0.0093444
1761.5	0.0093479
1762.1	0.0093505
1762.4	0.009352
1762.7	0.0093535
1764.4	0.0093609
1764.9	0.009363
1765.3	0.0093646
1767.2	0.009373
1767.8	0.009376
1769.4	0.0093831
1769.5	0.0093836
1770.4	0.0093873
1772.9	0.0093987
1773.0	0.0093992
1773.3	0.0094001
1774.3	0.0094047
1775.5	0.0094101
1779.0	0.0094256
1780.9	0.0094339
1781.4	0.009436
1781.6	0.0094371
1781.7	0.0094375
1782.5	0.0094409
1783.5	0.0094456
1784.8	0.0094513
1784.9	0.0094515
1785.1	0.0094524
1785.2	0.009453
1785.4	0.0094538
1786.3	0.009458
1787.0	0.0094608
1788.2	0.0094663
1791.2	0.0094792
1791.9	0.0094825
1792.1	0.0094834
1792.5	0.0094851
1793.9	0.0094913
1797.5	0.0095072
1799.5	0.009516
1799.6	0.0095167
1799.8	0.0095173
1800.1	0.0095186
1802.7	0.00953
1803.5	0.0095336
1803.6	0.009534
1804.1	0.0095364
1807.7	0.009552
1808.4	0.0095552
1808.9	0.0095572
1809.1	0.0095581
1809.4	0.0095598
1809.9	0.009562
1810.9	0.0095664
1811.4	0.0095686
1813.5	0.0095778
1814.4	0.0095815
1814.8	0.0095835
1815.3	0.0095857
1816.5	0.0095909
1817.8	0.0095964
1821.6	0.0096132
1823.9	0.0096232
1824.4	0.0096257
1825.1	0.0096286
1827.3	0.0096384
1827.6	0.0096394
1827.8	0.0096407
1829.1	0.009646
1829.6	0.0096483
1831.0	0.0096545
1831.4	0.0096561
1832.3	0.0096601
1833.3	0.0096646
1834.3	0.0096688
1839.9	0.0096936
1841.9	0.0097022
1842.7	0.0097056
1843.0	0.0097068
1845.7	0.0097187
1846.6	0.0097229
1849.0	0.0097332
1850.9	0.0097415
1853.9	0.0097548
1854.7	0.0097581
1854.9	0.009759
1855.6	0.0097623
1856.2	0.0097649
1858.2	0.0097737
1861.5	0.009788
1862.7	0.0097933
1863.1	0.0097951
1863.9	0.0097983
1865.4	0.009805
1867.0	0.0098122
1868.0	0.0098161
1873.8	0.0098417
1875.3	0.009848
1881.7	0.0098759
1882.6	0.00988
1885.2	0.0098915
1887.2	0.0098999
1889.6	0.0099103
1892.2	0.0099219
1893.5	0.0099275
1894.3	0.009931
1895.4	0.0099356
1896.8	0.009942
1900.2	0.0099566
1900.9	0.0099597
1901.9	0.0099639
1902.5	0.0099665
1906.5	0.0099841
1909.5	0.0099971
1911.0	0.010003
1916.4	0.010027
1926.3	0.01007
1926.7	0.010072
1931.7	0.010093
1933.6	0.010101
1943.5	0.010145
1962.7	0.010227
1970.8	0.010262
1990.5	0.010347
