1	0.002392989
2	0.001772489
3	0.00229532233333
4	0.001340489
5	0.000801789
6	0.00114532233333
7	0.00180056042857
8	0.001443989
9	0.00117765566667
10	0.000468389
11	0.000380079909091
12	0.000681739
13	0.000596527461538
14	0.000886346142857
15	0.000965322333333
16	0.000751364
17	0.000843106647059
18	0.000590155666667
19	0.00038751531579
20	0.000525439
21	0.000914369952381
22	0.000819989
23	0.000874684652174
24	0.000668364
25	0.000624629
26	0.000671527461538
27	0.000882396407407
28	0.000747560428571
29	0.000664575206897
30	0.000680922333333
31	0.00110689222581
32	0.00107139525
33	0.000932989
34	0.001015489
35	0.000895989
36	0.000893627888889
37	0.00092671872973
38	0.000943831105263
39	0.000878091564103
40	0.000959764
41	0.000834842658537
42	0.00086279852381
43	0.000801268069767
44	0.000795034454545
45	0.000813411222222
46	0.00088746726087
47	0.00083769112766
48	0.000829968166667
49	0.000797825734694
50	0.000730169
51	0.000681910568627
52	0.000644758230769
53	0.000727215415094
54	0.00068135937037
55	0.000629098090909
56	0.000527739
57	0.000491234614035
58	0.000500920034483
59	0.000458531372881
60	0.000408589
61	0.000500759491803
62	0.00045784383871
63	0.000454036619048
64	0.000468067125
65	0.000448096692308
66	0.000391504151515
67	0.000346436761194
68	0.000358812529412
69	0.000353046971015
70	0.000423131857143
71	0.000423904492958
72	0.000359669555556
73	0.000320591739726
74	0.000366137648649
75	0.000383042333333
76	0.000446133736842
77	0.000429638350649
78	0.000407386435897
79	0.000475799126582
80	0.000448389
81	0.000504309987654
82	0.000457562170732
83	0.000432796228916
84	0.000422524714286
85	0.000396506647059
86	0.000390489
87	0.000398471758621
88	0.000397318545455
89	0.000335708101124
90	0.000328477888889
91	0.000272252736264
92	0.000232934652174
93	0.000282053516129
94	0.000266542191489
95	0.000232704789474
96	0.00017020775
97	0.00016517456701
98	0.000111795122449
99	0.000125776878788
100	0.000127649
101	0.000150078108911
102	0.000176979196078
103	0.000151047252427
104	0.000160008230769
105	0.000123474714286
106	0.000123290886792
107	0.000164596476636
108	0.00013510937037
109	0.000151585330275
110	0.000113534454545
111	0.000110115126126
112	0.000104480071429
113	5.28828053098e-05
114	9.24714561404e-05
115	0.000115919434783
116	9.4764862069e-05
117	5.77325897436e-05
118	2.3175440678e-05
119	1.77873193278e-05
120	2.04723333334e-05
121	7.23774297521e-05
122	6.77922786885e-05
123	4.1151601626e-05
124	6.08277096774e-05
125	2.4101e-05
126	3.93163492061e-06
127	2.00126220473e-05
128	2.40905625e-05
129	1.22680697675e-05
130	4.8956153846e-06
131	3.0652221374e-05
132	3.16700909091e-05
133	4.02064887218e-05
134	5.51304029851e-05
135	7.57072962963e-05
136	9.31948235294e-05
137	0.000125310270073
138	0.000120873318841
139	0.000134032582734
140	0.000111418142857
141	0.000136372702128
142	0.000102708183099
143	0.000108129881119
144	0.000108351277778
145	5.94799655172e-05
146	5.91411369863e-05
147	2.84871904762e-05
148	3.23826216216e-05
149	2.1977442953e-05
150	2.08643333333e-05
151	2.39646423841e-05
152	2.45178947367e-06
153	5.02308300654e-05
154	5.34240649351e-05
155	4.49696451613e-05
156	2.20146410257e-05
157	1.65524012739e-05
158	8.48900000001e-06
159	6.56445911948e-06
160	9.39000000012e-07
161	7.12280124222e-06
162	3.04122345679e-05
163	5.82134539877e-05
164	6.71878292683e-05
165	5.89382727273e-05
166	5.35411204819e-05
167	7.91187844311e-05
168	9.45705238095e-05
169	0.000103117508876
170	9.50992352941e-05
171	6.29642163743e-05
172	6.18191395349e-05
173	7.68780520231e-05
174	8.16087011494e-05
175	5.86452857143e-05
176	3.51019090909e-05
177	2.73895310734e-05
178	2.91795393258e-05
179	1.98154692737e-05
180	8.28344444445e-06
181	2.93917679557e-06
182	2.73791098901e-05
183	9.78681420766e-06
184	7.76073913044e-06
185	9.24513513509e-07
186	6.55351612904e-06
187	1.19034385027e-05
188	7.41525531914e-06
189	2.06088835979e-05
190	1.68057368421e-05
191	8.73351308899e-06
192	3.14641666666e-06
193	1.13620569948e-05
194	9.717185567e-06
195	2.63340769231e-05
196	4.19140612245e-05
197	6.68688680203e-05
198	4.2808979798e-05
199	4.22723065326e-05
200	3.9011e-05
201	3.71751791045e-05
202	3.73575346535e-05
203	3.00750394089e-05
204	4.32953137255e-05
205	4.13329512195e-05
206	4.66809029126e-05
207	5.98129323671e-05
208	5.81023461538e-05
209	5.0987076555e-05
210	8.06681428571e-05
211	0.000105034696682
212	0.000139020433962
213	0.000134194098592
214	0.000137403523364
215	0.000148941232558
216	0.000150418407407
217	0.000143997175115
218	0.000106437605505
219	9.34858858447e-05
220	8.6511e-05
221	0.000109006475113
222	9.2538027027e-05
223	7.36163811659e-05
224	8.11761785714e-05
225	7.98376666667e-05
226	9.51260442478e-05
227	8.74030704846e-05
228	0.000113011
229	0.000142465148472
230	0.000132793608696
231	0.000138811865801
232	0.000130058413793
233	0.000136684819742
234	0.000129587923077
235	0.00014775993617
236	0.000161659305085
237	0.000174036316456
238	0.000168246294118
239	0.000166073761506
240	0.000173365166667
241	0.000162330502075
242	0.000160353975207
243	0.000152438983539
244	0.000150650344262
245	0.000165076306122
246	0.000142872788618
247	0.000144314643725
248	0.000152567451613
249	0.000152934694779
250	0.000158491
251	0.000170560800797
252	0.000170038777778
253	0.000154647363636
254	0.000154101551181
255	0.000161477666667
256	0.00015541725
257	0.000168983762646
258	0.000178189294574
259	0.00019996080695
260	0.000214118692308
261	0.000208972685824
262	0.000212220923664
263	0.000198505296578
264	0.00019629130303
265	0.000185233641509
266	0.000184217766917
267	0.000148276917603
268	0.000140555776119
269	0.000141323267658
270	0.000147125814815
271	0.000153804357934
272	0.000155636
273	0.000168190487179
274	0.00018704019708
275	0.000169974636364
276	0.00016744215942
277	0.000186014610108
278	0.000176554165468
279	0.000173942899642
280	0.000162886
281	0.000166317049822
282	0.000175581921986
283	0.000178378491166
284	0.000161165929577
285	0.000167656614035
286	0.000172552958042
287	0.000178108560976
288	0.000175833916667
289	0.000183934875433
290	0.000194086862069
291	0.000185883852234
292	0.000201384287671
293	0.000216652638225
294	0.000210507598639
295	0.000213387271186
296	0.000220389378378
297	0.000203802245791
298	0.000175635161074
299	0.000165348792642
300	0.000165981
301	0.00017977844186
302	0.000189345437086
303	0.00019899779868
304	0.000183964947368
305	0.000178132311475
306	0.000179560019608
307	0.000186024029316
308	0.000180825935065
309	0.000201023944984
310	0.000185249709677
311	0.000184432221865
312	0.000189648820513
313	0.000182042948882
314	0.000179886796178
315	0.000169296714286
316	0.00016879264557
317	0.00017320973817
318	0.00018085691195
319	0.000184747677116
320	0.000197676625
321	0.000193845890966
322	0.000197200440994
323	0.000192237006192
324	0.000185489395062
325	0.000186041769231
326	0.000197581552147
327	0.000178130266055
328	0.000171730512195
329	0.000170916775076
330	0.00017778069697
331	0.000173660546828
332	0.000177071240964
333	0.000169581570571
334	0.000170711598802
335	0.000186981149254
336	0.00020482052381
337	0.00021294868546
338	0.000192434076923
339	0.000199860557522
340	0.000200481588235
341	0.000202497803519
342	0.000205405736842
343	0.000211538696793
344	0.00022989472093
345	0.000232454478261
346	0.000217999439306
347	0.000224100337176
348	0.000232818471264
349	0.00023565569914
350	0.000244545285714
351	0.000248805871795
352	0.000258357590909
353	0.000248569073654
354	0.00025407879661
355	0.000251318042254
356	0.000250761
357	0.000257991392157
358	0.000257184184358
359	0.000244264481894
360	0.000237916555556
361	0.000245745072022
362	0.000245712657459
363	0.000253493093664
364	0.000269414846154
365	0.000256687712329
366	0.000262860726776
367	0.000273763043597
368	0.000277429478261
369	0.000275696636856
370	0.000291413702703
371	0.000302471916442
372	0.000292605086021
373	0.000293705369973
374	0.00029022757754
375	0.000287323
376	0.000288628021277
377	0.000293639647215
378	0.000290227931217
379	0.000261306514512
380	0.000261650473684
381	0.000264139608924
382	0.000256332989529
383	0.000243008389034
384	0.0002373938125
385	0.000229112298701
386	0.00022783742487
387	0.00022835725323
388	0.000220974917526
389	0.000222759071979
390	0.000229475102564
391	0.000215085168798
392	0.000199559469388
393	0.000207980465649
394	0.000210305416244
395	0.000219324924051
396	0.00021575089899
397	0.000207728884131
398	0.000202872809045
399	0.000189795461153
400	0.0001713235
401	0.000169063369077
402	0.000161913985075
403	0.000145956409429
404	0.000145753574257
405	0.000150448037037
406	0.000140823807882
407	0.00013729109828
408	0.00013932227451
409	0.000137321513447
410	0.000146442707317
411	0.000132453822384
412	0.000136879932039
413	0.000135434728814
414	0.000136416797101
415	0.000140439915663
416	0.000148984557692
417	0.000161337139089
418	0.000155836358852
419	0.000173147038186
420	0.000177022904762
421	0.000173217650831
422	0.000169548914692
423	0.000176211945626
424	0.000182864773585
425	0.000173996882353
426	0.000174290342723
427	0.000185491093677
428	0.000190623149533
429	0.000197038972028
430	0.000191424953488
431	0.000201816104408
432	0.000175031833333
433	0.000173066427252
434	0.000173326668203
435	0.000171928241379
436	0.000173708247706
437	0.000181196354691
438	0.000174894561644
439	0.000172450635535
440	0.000172538272727
441	0.00017588855102
442	0.000181343579186
443	0.000180904905192
444	0.000178069558559
445	0.000191307629213
446	0.000193963914798
447	0.000192151939597
448	0.000198470821429
449	0.000188672469933
450	0.000191062111111
451	0.000190696144124
452	0.000195601707965
453	0.000201933737307
454	0.000202539634361
455	0.000207716494505
456	0.000211256614035
457	0.000198341415755
458	0.000196899646288
459	0.000192790956427
460	0.000199615347826
461	0.000184264796095
462	0.000177052125541
463	0.000177013159827
464	0.000169909706897
465	0.000175124978495
466	0.000179180527897
467	0.000192278665953
468	0.000189021683761
469	0.000202787119403
470	0.000198766319149
471	0.000188408027601
472	0.000191288542373
473	0.000196721359408
474	0.000205641801688
475	0.000206112052632
476	0.000207983689076
477	0.000218382069182
478	0.000222699284519
479	0.000227094507307
480	0.000222669333333
481	0.000221703307692
482	0.000211540045643
483	0.000211391952381
484	0.00020274653719
485	0.000203936773196
486	0.000208272316872
487	0.000200643443532
488	0.000197756901639
489	0.000203395458078
490	0.000206637530612
491	0.000196436661914
492	0.000191773195122
493	0.000197126618661
494	0.000194865251012
495	0.000205158474747
496	0.000205819467742
497	0.00019592045674
498	0.000175884493976
499	0.000176848675351
500	0.000170383
501	0.000178464093812
502	0.000188399446215
503	0.000181786347913
504	0.000179441555556
505	0.000179559514851
506	0.000172285703557
507	0.000173610605523
508	0.000177918480315
509	0.000184771314342
510	0.000185212960784
511	0.000187216479452
512	0.000184536390625
513	0.000181819966862
514	0.000184011
515	0.000180910029126
516	0.000191507124031
517	0.000193227634429
518	0.000197624899614
519	0.000185743177264
520	0.000186382153846
521	0.000172726930902
522	0.000174922877395
523	0.000178640063098
524	0.000183778175573
525	0.000188014809524
526	0.000185611760456
527	0.000186678931689
528	0.000197637893939
529	0.000200375839319
530	0.000196884584906
531	0.000198353749529
532	0.000183580548872
533	0.000166778354597
534	0.000166731973783
535	0.000168554925234
536	0.000164969955224
537	0.000171011
538	0.000158778657993
539	0.000152448847866
540	0.000152318407407
541	0.000162214327172
542	0.00016077299262
543	0.000161865511971
544	0.000159562470588
545	0.00015525687156
546	0.000158674003663
547	0.000169122517367
548	0.000171487277372
549	0.000172974570128
550	0.000175029181818
551	0.000178441127042
552	0.000182221144928
553	0.000181350963834
554	0.000190027245487
555	0.000185935324324
556	0.000188205244604
557	0.00017212051526
558	0.000174123903226
559	0.000172080767442
560	0.000166594928571
561	0.000166381766488
562	0.000167283241993
563	0.000159813841918
564	0.000159622702128
565	0.000162301265487
566	0.000165756583039
567	0.000167716467372
568	0.000174294450704
569	0.000168981123023
570	0.000173637315789
571	0.000178084555166
572	0.000171444566434
573	0.000176492675393
574	0.000167876853659
575	0.000163011
576	0.000163337388889
577	0.000158491069324
578	0.000161178820069
579	0.000161784747841
580	0.000163564448276
581	0.000151332858864
582	0.000143328869416
583	0.000131909799314
584	0.000123730178082
585	0.000122829803419
586	0.000115420556314
587	0.00011396329983
588	0.000114672564626
589	0.000114021186757
590	0.000108092355932
591	9.8508461929e-05
592	0.000102835324324
593	9.11172394604e-05
594	9.23173973064e-05
595	9.36950336135e-05
596	9.79623422819e-05
597	0.000101267281407
598	0.000101143107023
599	0.000103548562604
600	0.000112724333333
601	0.000109626640599
602	0.000114638906977
603	0.000106183470978
604	0.000111502721854
605	0.000119521743802
606	0.000119336082508
607	0.000105813306425
608	0.000112075144737
609	0.000116280293924
610	0.000116647065574
611	0.000120796597381
612	0.000118671130719
613	0.00011280871615
614	0.000108625006515
615	0.000107293926829
616	0.000117588922078
617	0.000122135797407
618	0.000126656631068
619	0.00012509823748
620	0.000135198096774
621	0.000135991676329
622	0.000141039938907
623	0.000141063969502
624	0.000132956512821
625	0.0001330222
626	0.000135873619808
627	0.000130251829346
628	0.000132135203822
629	0.000130697804452
630	0.000135463380952
631	0.000135039526149
632	0.000130977772152
633	0.000133584459716
634	0.000125052009464
635	0.000130078716535
636	0.000136089616352
637	0.000131080073783
638	0.000135556454545
639	0.000139300514867
640	0.000134464125
641	0.000124948597504
642	0.000120268009346
643	0.0001153391493
644	0.000116942677019
645	0.000115125728682
646	0.000110737006192
647	0.000114752885626
648	0.000124660691358
649	0.000132963234207
650	0.000134207923077
651	0.000139401168971
652	0.000141771736196
653	0.000138373940276
654	0.000137760235474
655	0.000133378938931
656	0.000129701548781
657	0.000127137331811
658	0.000127720726444
659	0.000127813731411
660	0.000130189787879
661	0.000135144131619
662	0.000143208885196
663	0.000147220653092
664	0.000146310698795
665	0.000151474157895
666	0.000147614603604
667	0.000146723143928
668	0.000149810401198
669	0.0001503742287
670	0.000152548313433
671	0.000151838123696
672	0.000153156833333
673	0.000148418132244
674	0.000146954620178
675	0.000143550259259
676	0.000144311295858
677	0.00014254423486
678	0.000144761737463
679	0.000138365933726
680	0.000140558058824
681	0.000135858283407
682	0.00014436583871
683	0.00014836531918
684	0.000141297549708
685	0.000146686912409
686	0.000148235489796
687	0.000154088147016
688	0.000152981930233
689	0.000145476892598
690	0.000151974768116
691	0.000153175978292
692	0.000157220537572
693	0.000150546353535
694	0.000147699760807
695	0.000154690136691
696	0.000160140310345
697	0.000152358202296
698	0.000156059710602
699	0.000159649054363
700	0.000157976714286
701	0.000155718560628
702	0.00015295117094
703	0.00015260701707
704	0.000155732590909
705	0.00016106206383
706	0.000161900518414
707	0.000164160929279
708	0.000163946028249
709	0.000163604794076
710	0.000164026492958
711	0.000148085542897
712	0.000152666898876
713	0.000135633720898
714	0.000136237890756
715	0.000139546664336
716	0.000145830832402
717	0.000148161627615
718	0.000143848047354
719	0.00013736844089
720	0.000142915166667
721	0.000141640680999
722	0.000146947288089
723	0.000142316670816
724	0.000146360447514
725	0.00014844962069
726	0.000148432487603
727	0.000142137547455
728	0.000140722538462
729	0.000146448585734
730	0.000153384972603
731	0.000158586923393
732	0.000164795153005
733	0.000162998721692
734	0.000158837975477
735	0.000159381068027
736	0.000150998771739
737	0.000151179249661
738	0.000155967639566
739	0.000159809376184
740	0.000150166405405
741	0.000145082524966
742	0.000143415312668
743	0.000142650300135
744	0.000138470677419
745	0.000138108986577
746	0.00012828177748
747	0.000120148884873
748	0.000126104582888
749	0.000127682562083
750	0.000130041666667
751	0.000129441093209
752	0.000133167914894
753	0.000126301836653
754	0.000118511
755	0.000119102390729
756	0.000121762322751
757	0.000117963443857
758	0.00012110862533
759	0.000121382541502
760	0.000123299157895
761	0.000120444639947
762	0.000121576616798
763	0.000122612572739
764	0.000121793722513
765	0.000121360019608
766	0.00012152405483
767	0.000120304350717
768	0.000122404229167
769	0.000115395915475
770	0.00012350061039
771	0.000123524618677
772	0.00012222084456
773	0.000127379693402
774	0.000119220302326
775	0.000111460032258
776	0.000112183680412
777	0.00011748075547
778	0.000121277066838
779	0.000121547585366
780	0.000120211
781	0.000116728029449
782	0.000108895910486
783	0.000114562724138
784	0.000116123244898
785	0.000115451764331
786	0.000111825249364
787	0.000113842003812
788	0.000112167091371
789	0.000118654852978
790	0.000120185683544
791	0.000120362453856
792	0.000126061505051
793	0.000124256901639
794	0.000116431654912
795	0.000114530496855
796	0.000108694417085
797	0.000114081263488
798	0.000121211501253
799	0.000120149923655
800	0.000121461
801	0.000129492897628
802	0.00012271174813
803	0.000122332295143
804	0.000119094333333
805	0.000120806031056
806	0.00012568469727
807	0.000126706167286
808	0.000133786990099
809	0.00013331507911
810	0.000135192481481
811	0.000135342689273
812	0.000137591049261
813	0.000135865858549
814	0.000134593309582
815	0.000139106705521
816	0.000142838205882
817	0.000139902064871
818	0.000144806843521
819	0.000143426140415
820	0.000140415878049
821	0.000140202230207
822	0.000144092508516
823	0.000144905289186
824	0.000147623864078
825	0.000152864333333
826	0.000149306399516
827	0.000148634941959
828	0.000152898681159
829	0.000151843328106
830	0.000145202566265
831	0.0001427354284
832	0.000142805471154
833	0.000141273905162
834	0.000146798769784
835	0.000148334353293
836	0.000146957172249
837	0.000146168706093
838	0.000148448947494
839	0.000150652239571
840	0.000149347904762
841	0.000152285673008
842	0.000151851855107
843	0.00015035500949
844	0.000147495597156
845	0.000149621650888
846	0.00015239279669
847	0.000150365191263
848	0.000152136
849	0.000156664710247
850	0.000160618058824
851	0.000154102656874
852	0.000153541516432
853	0.000153291187573
854	0.000154943084309
855	0.000155611
856	0.000150146514019
857	0.000153630603267
858	0.000154938738928
859	0.000152129742724
860	0.000152058674419
861	0.000145410535424
862	0.000139803343387
863	0.00014499477752
864	0.000143096648148
865	0.000139799439306
866	0.000138002916859
867	0.000138716882353
868	0.000136907313364
869	0.000139123773303
870	0.000139816747126
871	0.000138858301952
872	0.000139281642202
873	0.000143391297824
874	0.000143188345538
875	0.000143710428571
876	0.000143776981735
877	0.000141587966933
878	0.000147440384966
879	0.000145879031854
880	0.000146720090909
881	0.000142754473326
882	0.000138579027211
883	0.000133573853907
884	0.000130634303167
885	0.000127490096045
886	0.000128106936795
887	0.000130210549042
888	0.000128524513514
889	0.000128885015748
890	0.000123368303371
891	0.000121975085297
892	0.000125118623318
893	0.0001260647514
894	0.000130352163311
895	0.000130576363128
896	0.000127830196429
897	0.000129270754738
898	0.000128227035635
899	0.000127937585095
900	0.000128061
901	0.000129373930078
902	0.000122972197339
903	0.000128993281285
904	0.000124231132743
905	0.00012828061326
906	0.000126284730684
907	0.000129459732084
908	0.000128102409692
909	0.000130191418042
910	0.000132511
911	0.000131927575192
912	0.00012075222807
913	0.000124024143483
914	0.000128241853392
915	0.000128883131148
916	0.000130175847162
917	0.000129700203926
918	0.000134772437908
919	0.000135726995647
920	0.000137155565217
921	0.000134996884908
922	0.0001389274859
923	0.000140666471289
924	0.000136891952381
925	0.000139310459459
926	0.000133116831533
927	0.000128357278317
928	0.000125340741379
929	0.000122723594187
930	0.000126427129032
931	0.00012314204189
932	0.000121603274678
933	0.000122797709539
934	0.000126887873662
935	0.000125420625668
936	0.00012904625641
937	0.000128971512273
938	0.000135153857143
939	0.000137772448349
940	0.000134464191489
941	0.000128721945802
942	0.000132456859873
943	0.000126074626723
944	0.000129730279661
945	0.00012312105291
946	0.000126456031712
947	0.000127412267159
948	0.000124897075949
949	0.000121707522655
950	0.000118447842105
951	0.000117216047319
952	0.000114874445378
953	0.00011679169255
954	0.000113602194969
955	0.000121488486911
956	0.000118027736402
957	0.000120242974922
958	0.000121286574113
959	0.000117999529718
960	0.000119222458333
961	0.000118334621228
962	0.000121321810811
963	0.000117534364486
964	0.000117085688797
965	0.000117945715026
966	0.000117691124224
967	0.000120934474664
968	0.000115790958678
969	0.000112908832817
970	0.000118261515464
971	0.000117049105046
972	0.000111487337449
973	0.000108185717369
974	0.000108175271047
975	0.000109908435897
976	0.000107644196721
977	0.000106883057318
978	0.00010114903681
979	0.000104782195097
980	0.000110815081633
981	0.000111111917431
982	0.000108284930754
983	0.000109281600203
984	0.000113749821138
985	0.00011188206599
986	0.000112787876268
987	0.000119367636271
988	0.000121694198381
989	0.000120581273003
990	0.000118350393939
991	0.000121165389506
992	0.000122267048387
993	0.000120525602215
994	0.000117875185111
995	0.000118548688442
996	0.000119412606426
997	0.000117023036108
998	0.000121524026052
999	0.000122085074074
1000	0.000127367
1001	0.000120045965035
1002	0.000120542936128
1003	0.000123818577268
1004	0.000123461199203
1005	0.000127700552239
1006	0.000121705831014
1007	0.000115172866931
1008	0.000121470325397
1009	0.000122150742319
1010	0.000116942683168
1011	0.000116554026706
1012	0.000110511
1013	0.000110750387957
1014	0.000102888712032
1015	0.000103218881773
1016	0.000105232456693
1017	0.000105851707965
1018	9.95424341847e-05
1019	9.58039342492e-05
1020	9.65590392157e-05
1021	9.83214799216e-05
1022	9.99542485323e-05
1023	9.71625151515e-05
1024	9.7759046875e-05
1025	9.88431951219e-05
1026	0.000100710805068
1027	0.00010606942259
1028	9.94069143969e-05
1029	0.000103911874636
1030	0.000101002262136
1031	9.81283617846e-05
1032	9.5393751938e-05
1033	9.89964791868e-05
1034	9.39539400387e-05
1035	9.69684879227e-05
1036	9.29936254826e-05
1037	9.14912314368e-05
1038	9.37383603083e-05
1039	9.77289980751e-05
1040	9.86763846154e-05
1041	0.000100538377522
1042	9.77202130518e-05
1043	9.5722409396e-05
1044	9.22552528735e-05
1045	9.44186555024e-05
1046	9.39995277246e-05
1047	9.38925663801e-05
1048	9.5331610687e-05
1049	9.9973821735e-05
1050	9.80576666667e-05
1051	0.000104555243578
1052	0.000104257197719
1053	0.00010527405793
1054	0.000107152366224
1055	0.000107450810427
1056	0.000105924825758
1057	0.00010827779281
1058	0.000108117805293
1059	0.000102669168083
1060	9.53562830188e-05
1061	8.90100574929e-05
1062	8.56503596987e-05
1063	8.56591655691e-05
1064	8.87976541353e-05
1065	8.91405774648e-05
1066	8.58740393996e-05
1067	8.0721402999e-05
1068	8.45709250936e-05
1069	7.69455182413e-05
1070	7.18717476635e-05
1071	6.8081961718e-05
1072	6.74671567164e-05
1073	7.24126775396e-05
1074	7.45175176909e-05
1075	7.33747209302e-05
1076	6.95017063197e-05
1077	6.35421049211e-05
1078	5.91594230056e-05
1079	6.23372279889e-05
1080	6.21934074074e-05
1081	6.8485560592e-05
1082	7.19721829944e-05
1083	7.1172588181e-05
1084	7.38366457564e-05
1085	7.35888801843e-05
1086	7.26960828729e-05
1087	6.81232355106e-05
1088	7.24779117647e-05
1089	6.9140476584e-05
1090	7.22247614679e-05
1091	7.18927598533e-05
1092	7.24789487179e-05
1093	7.28545498627e-05
1094	7.36718775137e-05
1095	7.09826894977e-05
1096	7.40666569343e-05
1097	7.39262233364e-05
1098	7.31057176685e-05
1099	7.29937115559e-05
1100	7.3241e-05
1101	7.48402461399e-05
1102	7.03830508167e-05
1103	7.10200661831e-05
1104	7.17365434782e-05
1105	7.46164298642e-05
1106	7.7545358047e-05
1107	7.75557154471e-05
1108	7.68810361011e-05
1109	7.58991875563e-05
1110	7.58875765766e-05
1111	7.3216220522e-05
1112	7.32268273381e-05
1113	7.50676037736e-05
1114	7.18251831239e-05
1115	7.3410103139e-05
1116	7.66803548387e-05
1117	7.5199003581e-05
1118	7.54430214669e-05
1119	7.50422779267e-05
1120	7.86779642857e-05
1121	8.36345504014e-05
1122	8.40680409982e-05
1123	7.98809910953e-05
1124	8.37120676157e-05
1125	8.3275e-05
1126	7.75740550622e-05
1127	7.99852679681e-05
1128	8.27751843972e-05
1129	8.03130372011e-05
1130	7.86835663717e-05
1131	8.13832369584e-05
1132	8.08201872792e-05
1133	8.05317413945e-05
1134	8.01653209877e-05
1135	7.7892938326e-05
1136	7.45400492958e-05
1137	7.49265672823e-05
1138	7.71322653779e-05
1139	7.69144240562e-05
1140	8.0809245614e-05
1141	8.02134539877e-05
1142	8.33043450088e-05
1143	7.7541183727e-05
1144	8.2038972028e-05
1145	8.13839257642e-05
1146	8.03225183246e-05
1147	8.30258212729e-05
1148	8.44291184669e-05
1149	8.11284934726e-05
1150	8.10883913043e-05
1151	7.81152571677e-05
1152	7.80457222222e-05
1153	8.11237493495e-05
1154	7.86158526863e-05
1155	8.02967142857e-05
1156	7.72436989619e-05
1157	7.82685626621e-05
1158	8.12959740933e-05
1159	7.9868635893e-05
1160	8.1336862069e-05
1161	8.00351171404e-05
1162	7.73758881239e-05
1163	8.02122037833e-05
1164	8.02541271478e-05
1165	8.00564935622e-05
1166	8.17065403087e-05
1167	8.13606143959e-05
1168	8.4738739726e-05
1169	8.88356364414e-05
1170	8.92255299145e-05
1171	8.95139888984e-05
1172	9.1330112628e-05
1173	8.97842310315e-05
1174	8.98321243611e-05
1175	9.10544042553e-05
1176	9.23681428571e-05
1177	8.54935828377e-05
1178	7.97300152801e-05
1179	7.90576497031e-05
1180	8.10694745763e-05
1181	8.38297976291e-05
1182	8.63798663282e-05
1183	8.62840346576e-05
1184	8.51562702703e-05
1185	8.69249240506e-05
1186	8.94494485666e-05
1187	9.05981946082e-05
1188	8.87963535353e-05
1189	8.80681909167e-05
1190	8.34849495798e-05
1191	8.24501267842e-05
1192	8.00789530201e-05
1193	8.31015280805e-05
1194	7.68066448911e-05
1195	7.69323389121e-05
1196	8.02217023411e-05
1197	7.89608746867e-05
1198	8.36971435726e-05
1199	8.3081058382e-05
1200	8.21576666667e-05
1201	8.06338143214e-05
1202	8.18412828619e-05
1203	8.23734272652e-05
1204	7.574189701e-05
1205	7.59977219917e-05
1206	7.61503034826e-05
1207	7.85346122618e-05
1208	7.82196092715e-05
1209	7.82905698925e-05
1210	8.17506694215e-05
1211	8.05865573906e-05
1212	7.89565445545e-05
1213	7.24767873042e-05
1214	7.3392383855e-05
1215	7.41245802469e-05
1216	7.74419210526e-05
1217	8.17308027938e-05
1218	8.36530361248e-05
1219	8.39995151764e-05
1220	8.49142786885e-05
1221	8.5422957412e-05
1222	8.88776121113e-05
1223	8.42334039248e-05
1224	8.59203137255e-05
1225	8.41979387755e-05
1226	8.67361223491e-05
1227	8.67167864711e-05
1228	8.76600228013e-05
1229	8.7276256306e-05
1230	7.7904495935e-05
1231	7.55040950447e-05
1232	7.40897337662e-05
1233	6.98828572587e-05
1234	6.99088930308e-05
1235	7.37583684211e-05
1236	7.50789611651e-05
1237	7.41726814875e-05
1238	7.2335717286e-05
1239	6.8790661017e-05
1240	6.94997096774e-05
1241	7.16878734891e-05
1242	7.30391803543e-05
1243	6.95403644409e-05
1244	7.09169485531e-05
1245	6.92262610442e-05
1246	6.99211123596e-05
1247	6.88498131516e-05
1248	6.90182115385e-05
1249	7.14089183347e-05
1250	7.47878e-05
1251	7.71069232614e-05
1252	7.49918306709e-05
1253	6.87053335994e-05
1254	6.91569330144e-05
1255	6.6411e-05
1256	6.85468280255e-05
1257	6.92480723946e-05
1258	6.92431144674e-05
1259	6.56376878475e-05
1260	6.39205238095e-05
1261	6.61156788263e-05
1262	6.29602868463e-05
1263	6.10616730008e-05
1264	5.42364746836e-05
1265	5.44940039526e-05
1266	5.68719794629e-05
1267	5.14016866614e-05
1268	5.24999589906e-05
1269	5.06225051222e-05
1270	5.25417086614e-05
1271	4.8536570417e-05
1272	5.07696477988e-05
1273	4.78782427337e-05
1274	5.19937315542e-05
1275	5.16188431373e-05
1276	5.18879592477e-05
1277	5.19413054033e-05
1278	5.03216416275e-05
1279	5.13542369038e-05
1280	5.042271875e-05
1281	4.98330140515e-05
1282	4.66030436818e-05
1283	4.89774848013e-05
1284	5.24284454829e-05
1285	4.73604163424e-05
1286	4.62831617418e-05
1287	4.52806192696e-05
1288	4.51981118013e-05
1289	4.43756237393e-05
1290	4.2538131783e-05
1291	4.30474058869e-05
1292	4.33693591331e-05
1293	4.30365220418e-05
1294	4.53603044822e-05
1295	4.35206525097e-05
1296	4.24554444445e-05
1297	4.3511385505e-05
1298	4.05256379045e-05
1299	4.1258113164e-05
1300	4.14733076923e-05
1301	4.13299853959e-05
1302	3.64595407066e-05
1303	3.81844458941e-05
1304	3.66889141104e-05
1305	3.53366704981e-05
1306	3.87636799387e-05
1307	3.74891943382e-05
1308	4.12533547401e-05
1309	3.84174171123e-05
1310	4.09491679389e-05
1311	4.18546308162e-05
1312	4.51573414634e-05
1313	4.87718530084e-05
1314	4.81852770167e-05
1315	5.09509239544e-05
1316	4.84920030395e-05
1317	4.8481007593e-05
1318	5.16817132018e-05
1319	5.04537596664e-05
1320	4.56564545455e-05
1321	4.16605079485e-05
1322	4.35526036309e-05
1323	4.12513628118e-05
1324	4.4257223565e-05
1325	3.96600566038e-05
1326	4.4708586727e-05
1327	4.60788221552e-05
1328	4.4401060241e-05
1329	4.57702174567e-05
1330	4.46237819549e-05
1331	3.95714808415e-05
1332	3.77542432433e-05
1333	3.46231530383e-05
1334	3.55334887556e-05
1335	3.76139962547e-05
1336	3.81704311377e-05
1337	3.84111495886e-05
1338	3.83017324365e-05
1339	3.27048013443e-05
1340	3.24804029851e-05
1341	3.41295682327e-05
1342	3.57874530552e-05
1343	3.18792055101e-05
1344	3.2485702381e-05
1345	3.04020780669e-05
1346	3.41959925706e-05
1347	3.21802650334e-05
1348	3.23648575668e-05
1349	3.23601475167e-05
1350	3.46080370371e-05
1351	3.26594085862e-05
1352	3.14473905326e-05
1353	3.13576371027e-05
1354	3.29629940916e-05
1355	3.11342472325e-05
1356	3.54962507375e-05
1357	3.59572048637e-05
1358	3.4393179676e-05
1359	3.01287336277e-05
1360	2.88426176471e-05
1361	2.89632409993e-05
1362	3.01505007342e-05
1363	2.95091658107e-05
1364	3.20051348974e-05
1365	2.91545897436e-05
1366	2.54714685212e-05
1367	2.37081470373e-05
1368	2.48794210526e-05
1369	2.52798093499e-05
1370	2.83927518248e-05
1371	3.10058942378e-05
1372	2.87420495627e-05
1373	2.72600895849e-05
1374	2.54411310044e-05
1375	2.8907e-05
1376	3.23285872093e-05
1377	3.5509184459e-05
1378	3.73535253992e-05
1379	4.17521167513e-05
1380	4.40863623189e-05
1381	3.89255546706e-05
1382	3.82092633864e-05
1383	3.95344996385e-05
1384	3.86172138729e-05
1385	3.69785090253e-05
1386	3.47159062049e-05
1387	3.48047995674e-05
1388	3.51680605188e-05
1389	3.54408056156e-05
1390	3.43879784173e-05
1391	3.56673623293e-05
1392	3.65282413793e-05
1393	3.72407200287e-05
1394	3.56881879484e-05
1395	3.46332222222e-05
1396	3.50403696275e-05
1397	3.66781438798e-05
1398	3.83028454936e-05
1399	3.56972044318e-05
1400	3.92867142857e-05
1401	3.42172812277e-05
1402	3.36450941512e-05
1403	3.32034447613e-05
1404	3.2709005698e-05
1405	3.06821743772e-05
1406	3.09917965861e-05
1407	3.16065934613e-05
1408	3.10486420455e-05
1409	2.63154712562e-05
1410	2.77436241135e-05
1411	3.12023536499e-05
1412	2.87425864023e-05
1413	2.99543828733e-05
1414	3.15520183876e-05
1415	3.27325547703e-05
1416	3.03153785311e-05
1417	2.83151637262e-05
1418	2.87458377997e-05
1419	3.06086039465e-05
1420	2.8122971831e-05
1421	2.70314081633e-05
1422	2.29976385373e-05
1423	2.46603323964e-05
1424	2.34653539326e-05
1425	2.49141578948e-05
1426	2.80671009818e-05
1427	2.21840903995e-05
1428	2.39395714286e-05
1429	2.45071511547e-05
1430	2.64172937063e-05
1431	2.49844451433e-05
1432	2.42505251397e-05
1433	2.60382156316e-05
1434	2.30193682009e-05
1435	2.53141358885e-05
1436	2.43543147632e-05
1437	2.41745351427e-05
1438	2.66236564673e-05
1439	2.50916115358e-05
1440	2.99005833333e-05
1441	2.83121797363e-05
1442	2.71053134536e-05
1443	2.88696278586e-05
1444	2.91197257618e-05
1445	2.81604809689e-05
1446	2.75953706778e-05
1447	2.69356717346e-05
1448	2.50634861879e-05
1449	2.78439882678e-05
1450	2.73565172414e-05
1451	2.79641357685e-05
1452	2.98718815427e-05
1453	2.94886324845e-05
1454	2.78376850069e-05
1455	2.96982852234e-05
1456	2.03111373627e-05
1457	1.80844385724e-05
1458	1.43052386831e-05
1459	1.62714523647e-05
1460	1.6355520548e-05
1461	1.77837583847e-05
1462	1.91101792066e-05
1463	2.1034923445e-05
1464	2.07459726776e-05
1465	2.24615119454e-05
1466	2.22258703957e-05
1467	2.34036380368e-05
1468	2.38461498638e-05
1469	2.27339407761e-05
1470	2.35286870749e-05
1471	2.14787090415e-05
1472	2.16326032609e-05
1473	2.22655824847e-05
1474	2.38088290367e-05
1475	2.66835423729e-05
1476	2.97291571816e-05
1477	2.89622525389e-05
1478	2.75346806495e-05
1479	2.94971392833e-05
1480	2.81731621622e-05
1481	2.92810877785e-05
1482	3.09259797571e-05
1483	3.28309595415e-05
1484	3.19584393531e-05
1485	3.17126835017e-05
1486	3.27687388964e-05
1487	3.47372945528e-05
1488	3.77200053764e-05
1489	3.89203351243e-05
1490	3.95606644295e-05
1491	4.17004701543e-05
1492	4.24138150134e-05
1493	4.57203101139e-05
1494	4.77278674699e-05
1495	4.87300635452e-05
1496	4.81888074866e-05
1497	4.79936319305e-05
1498	4.98915073431e-05
1499	5.05793789193e-05
1500	5.08336666667e-05
1501	5.34560366423e-05
1502	5.56627976032e-05
1503	5.4388245509e-05
1504	5.52064787234e-05
1505	5.67053521595e-05
1506	5.65959933599e-05
1507	5.82266602522e-05
1508	6.07132546419e-05
1509	6.24901252485e-05
1510	6.39401390729e-05
1511	6.2598028458e-05
1512	6.46049153439e-05
1513	6.46316212822e-05
1514	6.70070369881e-05
1515	6.58433432343e-05
1516	6.64654854881e-05
1517	6.18158780488e-05
1518	6.27448603426e-05
1519	6.40307498354e-05
1520	6.37465263158e-05
1521	6.05047541092e-05
1522	6.08040354797e-05
1523	6.4729319107e-05
1524	6.51553569554e-05
1525	6.58601803279e-05
1526	6.44474351245e-05
1527	6.56043202358e-05
1528	6.37472565445e-05
1529	6.50574355788e-05
1530	6.86247254902e-05
1531	6.50684787721e-05
1532	6.75488590079e-05
1533	6.91584233529e-05
1534	6.60338161669e-05
1535	6.7556276873e-05
1536	6.89471979167e-05
1537	7.05380006506e-05
1538	7.24420793238e-05
1539	7.14262046784e-05
1540	7.09252857143e-05
1541	7.10804354316e-05
1542	7.30628806745e-05
1543	7.72585696695e-05
1544	7.74520621762e-05
1545	7.93624563107e-05
1546	8.02393311773e-05
1547	8.06755119587e-05
1548	8.13100956073e-05
1549	8.00206836669e-05
1550	8.04090645162e-05
1551	8.2432663443e-05
1552	8.22126752578e-05
1553	8.2402500322e-05
1554	8.19678854569e-05
1555	8.39138938907e-05
1556	8.3555344473e-05
1557	8.20822909442e-05
1558	8.0698419769e-05
1559	8.17807241822e-05
1560	8.52033076923e-05
1561	8.81359199232e-05
1562	8.70711792574e-05
1563	8.47883512476e-05
1564	8.66638132993e-05
1565	8.64563674122e-05
1566	8.38366704981e-05
1567	8.29656904914e-05
1568	8.15205663266e-05
1569	7.94291007011e-05
1570	8.09103630574e-05
1571	8.16112546149e-05
1572	8.3024994911e-05
1573	7.71584888748e-05
1574	7.71126518425e-05
1575	7.80490952381e-05
1576	7.97070659899e-05
1577	8.14523443247e-05
1578	7.98614435995e-05
1579	8.23346225459e-05
1580	7.94363164557e-05
1581	8.00034098672e-05
1582	8.03314804046e-05
1583	7.67640006317e-05
1584	7.78253939394e-05
1585	7.66387602524e-05
1586	7.19139003783e-05
1587	7.11943648393e-05
1588	7.07471460957e-05
1589	6.60235865324e-05
1590	6.76789245283e-05
1591	7.00380270271e-05
1592	7.05882613066e-05
1593	7.18082379159e-05
1594	6.83999585948e-05
1595	6.67056708464e-05
1596	6.73405739349e-05
1597	6.55069298685e-05
1598	6.79352803505e-05
1599	6.80009937461e-05
1600	6.7261625e-05
1601	6.80778332293e-05
1602	6.97288526842e-05
1603	7.01937822832e-05
1604	7.21662369077e-05
1605	7.13150498443e-05
1606	7.21268156912e-05
1607	6.98896558805e-05
1608	6.71011741294e-05
1609	6.71477308888e-05
1610	6.38842919255e-05
1611	6.25677970205e-05
1612	6.20767568238e-05
1613	6.19459039058e-05
1614	6.19347918216e-05
1615	6.01534148607e-05
1616	6.21954059406e-05
1617	6.36652980829e-05
1618	6.03305302843e-05
1619	5.87515806053e-05
1620	5.6623962963e-05
1621	5.69801548427e-05
1622	5.73735154131e-05
1623	5.49746475662e-05
1624	5.61569359606e-05
1625	5.40891538462e-05
1626	4.83474083641e-05
1627	4.71025795944e-05
1628	4.83003120393e-05
1629	4.83909877225e-05
1630	4.62177484663e-05
1631	4.51857394237e-05
1632	4.24491127451e-05
1633	4.28805652174e-05
1634	4.27178543452e-05
1635	4.38776666667e-05
1636	4.13080660147e-05
1637	4.35956059866e-05
1638	4.54371294261e-05
1639	4.54527327639e-05
1640	4.79427073171e-05
1641	4.675627727e-05
1642	4.94525347138e-05
1643	4.4794931832e-05
1644	4.49982262774e-05
1645	4.5128325228e-05
1646	4.57035880924e-05
1647	4.65331615058e-05
1648	4.49375776699e-05
1649	4.25252510613e-05
1650	3.76085757576e-05
1651	3.9138195639e-05
1652	4.03015569007e-05
1653	4.08948475499e-05
1654	3.40243010883e-05
1655	3.39813927493e-05
1656	3.51058067633e-05
1657	3.62892136391e-05
1658	3.64277671894e-05
1659	3.60971965039e-05
1660	3.83573855422e-05
1661	3.77316502107e-05
1662	4.02480637786e-05
1663	4.0232888154e-05
1664	3.70747019231e-05
1665	3.65395285285e-05
1666	3.66166422569e-05
1667	3.98220377925e-05
1668	3.93107601919e-05
1669	3.82932049131e-05
1670	3.52726766467e-05
1671	3.82785044883e-05
1672	3.08064545455e-05
1673	2.97569653317e-05
1674	3.10802951016e-05
1675	2.95912985075e-05
1676	2.75366563246e-05
1677	2.65160685748e-05
1678	2.68858510131e-05
1679	2.63076051221e-05
1680	2.62407619048e-05
1681	2.3250738251e-05
1682	1.93029143876e-05
1683	2.29753493761e-05
1684	2.62734703088e-05
1685	2.67059554896e-05
1686	2.44979513642e-05
1687	2.58758488441e-05
1688	2.23024691943e-05
1689	2.39713315571e-05
1690	2.5835260355e-05
1691	2.71180372561e-05
1692	1.94253026005e-05
1693	1.78686491435e-05
1694	1.67205631641e-05
1695	1.96092300885e-05
1696	2.3394254717e-05
1697	2.57299157337e-05
1698	2.95322014134e-05
1699	2.97061147734e-05
1700	2.64033529412e-05
1701	2.61021228689e-05
1702	2.36238084606e-05
1703	2.67373652378e-05
1704	2.21682769953e-05
1705	2.00215571847e-05
1706	2.08668030481e-05
1707	2.34292776801e-05
1708	2.15912107728e-05
1709	2.36265646577e-05
1710	2.38279590643e-05
1711	2.23084868498e-05
1712	2.31383364486e-05
1713	2.72544325744e-05
1714	2.52432053675e-05
1715	2.27929241982e-05
1716	2.42738205128e-05
1717	2.55334228305e-05
1718	2.47892305006e-05
1719	2.13373525305e-05
1720	2.15854186046e-05
1721	2.22637600232e-05
1722	2.432342741e-05
1723	2.27724625653e-05
1724	2.37551995359e-05
1725	2.42104202898e-05
1726	2.29107682503e-05
1727	2.14667035321e-05
1728	2.13049814815e-05
1729	1.87611445922e-05
1730	1.88271849711e-05
1731	1.7029486424e-05
1732	1.85404457275e-05
1733	1.80179244085e-05
1734	1.63766286044e-05
1735	1.72951498559e-05
1736	1.87765529954e-05
1737	1.82856113989e-05
1738	1.79736006904e-05
1739	2.08034094307e-05
1740	2.14506551724e-05
1741	2.1611229753e-05
1742	2.20546280138e-05
1743	2.41389403327e-05
1744	2.49920779816e-05
1745	2.64665873925e-05
1746	2.49691901489e-05
1747	2.51168958214e-05
1748	2.57146613272e-05
1749	2.52391303602e-05
1750	2.64338571428e-05
1751	2.76369280411e-05
1752	2.5011e-05
1753	2.51439150028e-05
1754	2.58644777651e-05
1755	2.17192621082e-05
1756	2.16453963553e-05
1757	2.07651263517e-05
1758	1.56662901024e-05
1759	1.2268532689e-05
1760	1.23382727273e-05
1761	1.31830613288e-05
1762	1.63293881952e-05
1763	1.63796897334e-05
1764	1.49288004535e-05
1765	1.38619915014e-05
1766	1.67839331823e-05
1767	1.67025676287e-05
1768	1.94651855203e-05
1769	1.99182922555e-05
1770	2.04923559322e-05
1771	2.19065392434e-05
1772	2.08016320542e-05
1773	2.0500001692e-05
1774	2.03114509583e-05
1775	1.97417042253e-05
1776	2.05701216216e-05
1777	1.85270382667e-05
1778	1.64316974128e-05
1779	1.70076273187e-05
1780	1.71767303371e-05
1781	1.7731381808e-05
1782	1.70345690236e-05
1783	1.91041015143e-05
1784	2.06034887892e-05
1785	2.07622605042e-05
1786	1.95165991041e-05
1787	1.59354543928e-05
1788	1.37598814317e-05
1789	1.68740519843e-05
1790	1.32137932961e-05
1791	1.51840876605e-05
1792	1.63229419643e-05
1793	1.72647646403e-05
1794	1.48276109253e-05
1795	1.29864874652e-05
1796	1.34603318485e-05
1797	1.30360417362e-05
1798	1.3852490545e-05
1799	1.2586319622e-05
1800	9.52322222221e-06
1801	1.05229378123e-05
1802	1.01269822419e-05
1803	9.84128286188e-06
1804	1.06185388027e-05
1805	1.27772049861e-05
1806	1.47850863787e-05
1807	1.23192457111e-05
1808	1.32565752212e-05
1809	1.55997230514e-05
1810	1.9272878453e-05
1811	1.88177366096e-05
1812	2.15176225166e-05
1813	2.19900402648e-05
1814	2.25611653804e-05
1815	2.55030110193e-05
1816	2.48524096916e-05
1817	2.03599268024e-05
1818	2.21177106711e-05
1819	1.94799389775e-05
1820	2.12961648352e-05
1821	2.31905716639e-05
1822	2.53924489572e-05
1823	2.65046917169e-05
1824	2.4597622807e-05
1825	2.63786712329e-05
1826	2.38143953998e-05
1827	2.2997863711e-05
1828	2.2863297593e-05
1829	2.21979874248e-05
1830	1.74831311475e-05
1831	1.48946701256e-05
1832	1.30994279476e-05
1833	1.23628821604e-05
1834	1.34880992366e-05
1835	1.4168493188e-05
1836	1.49499978213e-05
1837	1.63169335874e-05
1838	1.79136115343e-05
1839	1.98511305057e-05
1840	1.97224130435e-05
1841	2.09963340576e-05
1842	2.19496536373e-05
1843	1.90153407488e-05
1844	2.08824750542e-05
1845	1.88809186992e-05
1846	1.64384106175e-05
1847	1.75475457499e-05
1848	1.79043982684e-05
1849	1.73863380206e-05
1850	1.56801891892e-05
1851	1.58575694219e-05
1852	1.64046285097e-05
1853	1.5544729088e-05
1854	1.1560622438e-05
1855	1.11883584906e-05
1856	1.19107844827e-05
1857	1.10723893376e-05
1858	8.50669429493e-06
1859	8.95935933297e-06
1860	5.30347311827e-06
1861	5.26785115529e-06
1862	4.56255746508e-06
1863	3.32017874395e-06
1864	5.67838197424e-06
1865	3.86408310991e-06
1866	4.03404394426e-06
1867	5.33719175147e-06
1868	5.8075738758e-06
1869	4.3074151953e-06
1870	6.35431550802e-06
1871	6.01367236772e-06
1872	4.98482478633e-06
1873	6.06332247731e-06
1874	7.89467129136e-06
1875	9.29206666667e-06
1876	1.13734733476e-05
1877	1.36881443793e-05
1878	1.41324057508e-05
1879	1.48039749867e-05
1880	1.7546106383e-05
1881	1.58674593301e-05
1882	1.06135504782e-05
1883	1.18245953266e-05
1884	1.21962441614e-05
1885	1.30720079576e-05
1886	1.30385715801e-05
1887	1.44858277689e-05
1888	1.40078220339e-05
1889	1.57939539439e-05
1890	1.70369259259e-05
1891	1.61373881544e-05
1892	1.71727336152e-05
1893	1.56560079239e-05
1894	1.49133231257e-05
1895	1.53007097626e-05
1896	1.31855780591e-05
1897	1.09071518187e-05
1898	1.15605258167e-05
1899	1.45891990522e-05
1900	1.35225789474e-05
1901	1.36117364545e-05
1902	1.29253007361e-05
1903	1.29127341041e-05
1904	1.23712941177e-05
1905	1.42440708662e-05
1906	1.4751818468e-05
1907	1.27870880965e-05
1908	1.30393018868e-05
1909	1.41655311682e-05
1910	1.53340366492e-05
1911	1.51030983778e-05
1912	1.23195774059e-05
1913	1.2205458965e-05
1914	1.19065067921e-05
1915	9.4966396867e-06
1916	9.56371398749e-06
1917	1.14084960877e-05
1918	9.85823670492e-06
1919	9.06050495051e-06
1920	7.06881250002e-06
1921	8.63515408643e-06
1922	9.48758688868e-06
1923	5.93403692149e-06
1924	4.37326611228e-06
1925	5.89671428573e-06
1926	5.99282762203e-06
1927	7.6409948106e-06
1928	7.97261825728e-06
1929	7.04365940904e-06
1930	7.62498963732e-06
1931	7.3274163646e-06
1932	4.83501656316e-06
1933	4.0554904294e-06
1934	1.8362326784e-06
1935	2.93503100777e-06
1936	2.6819710744e-06
1937	2.20201703667e-06
1938	3.7751898865e-06
1939	3.40450180508e-06
1940	2.61873195878e-06
1941	5.87910922207e-06
1942	6.79987744594e-06
1943	8.74285795164e-06
1944	7.71316049385e-06
1945	8.20328791776e-06
1946	1.09673206578e-05
1947	1.18430493066e-05
1948	1.30228069815e-05
1949	1.26728778861e-05
1950	1.05340769231e-05
1951	5.95871911842e-06
1952	6.19593852461e-06
1953	3.70992473121e-06
1954	2.92399897648e-06
1955	1.81304603582e-06
1956	1.56519222906e-06
1957	1.51176647932e-06
1958	2.99108171606e-06
1959	1.08292547216e-06
1960	1.27216326529e-06
1961	6.11852575215e-06
1962	5.04047808357e-06
1963	3.92583138051e-06
1964	4.75580244397e-06
1965	5.01749872772e-06
1966	4.90812512714e-06
1967	5.35503965428e-06
1968	8.08808536584e-06
1969	9.90063026916e-06
1970	8.89052284263e-06
1971	7.11786859461e-06
1972	5.05390872209e-06
1973	4.56021135325e-06
1974	4.630337386e-06
1975	4.3424177215e-06
1976	2.10438461536e-06
1977	1.38100809305e-06
1978	7.51386248714e-07
1979	4.98853461324e-07
1980	1.98827272729e-06
1981	7.77279656757e-07
1982	1.50847729567e-06
1983	5.28082198678e-07
1984	1.1150080645e-06
1985	5.45675062961e-07
1986	2.25067774422e-06
1987	4.33460342226e-06
1988	3.92951106641e-06
1989	2.95921518351e-06
1990	3.10145226131e-06
1991	1.57905625314e-06
1992	2.35948192771e-06
1993	2.69095684897e-06
1994	1.507555667e-06
1995	1.74388721804e-06
1996	1.02958116232e-06
1997	8.58270906366e-07
1998	2.38837737739e-06
1999	1.82540720361e-06
2000	0.0
