1	0.00556232
2	0.00416932
3	0.00533232
4	0.00315357
5	0.00192612
6	0.00270598666667
7	0.00415303428571
8	0.003348695
9	0.00274865333333
10	0.00108852
11	0.000897956363636
12	0.00158165333333
13	0.00139608923077
14	0.00204789142857
15	0.00223418666667
16	0.00174582
17	0.00195949647059
18	0.00137548666667
19	0.000909372631579
20	0.00122537
21	0.00207355809524
22	0.00186395636364
23	0.00199418956522
24	0.001518195
25	0.0014244
26	0.00153635846154
27	0.0020046162963
28	0.00169703428571
29	0.00151097517241
30	0.00155338666667
31	0.00245028774194
32	0.0023763825
33	0.0020606230303
34	0.00225087882353
35	0.00197917714286
36	0.00197984777778
37	0.00206010378378
38	0.00210421473684
39	0.00195775589744
40	0.002144245
41	0.00185700292683
42	0.00192479619048
43	0.00178722697674
44	0.00177747909091
45	0.00182327555556
46	0.00199188521739
47	0.00188110723404
48	0.00186732
49	0.00179719755102
50	0.00164366
51	0.00153555529412
52	0.00145324307692
53	0.00163901811321
54	0.00153626444444
55	0.00141824727273
56	0.00118292714286
57	0.00110161824561
58	0.00112664758621
59	0.00103125220339
60	0.000917903333333
61	0.00112369704918
62	0.00102691677419
63	0.00102093904762
64	0.001055429375
65	0.00101204307692
66	0.000882395757576
67	0.000779961791045
68	0.000810525882353
69	0.000799667826087
70	0.000957162857143
71	0.000961235492958
72	0.000812792222222
73	0.000724087123288
74	0.000828184864865
75	0.000868666666667
76	0.00101053052632
77	0.000974657662338
78	0.000925332820513
79	0.00107825670886
80	0.0010168325
81	0.00114280148148
82	0.00103562487805
83	0.000980283855422
84	0.000958617619048
85	0.000900225882353
86	0.000888285116279
87	0.00090823954023
88	0.000907354090909
89	0.000763982921348
90	0.000749131111111
91	0.000618528791209
92	0.00052829826087
93	0.000639158709677
94	0.000605011489362
95	0.000527698947368
96	0.0003816325
97	0.000371701443299
98	0.000247452653061
99	0.000280855353535
100	0.00028674
101	0.000338973465347
102	0.000401065098039
103	0.00034218407767
104	0.000364089230769
105	0.000279939047619
106	0.000280989811321
107	0.000374441495327
108	0.000306986666667
109	0.000345742018349
110	0.000257801818182
111	0.000251329009009
112	0.000239712857143
113	0.000119045663717
114	0.000208627017544
115	0.000262815652174
116	0.000214897586207
117	0.000129157606838
118	4.93030508475e-05
119	3.81855462185e-05
120	4.562e-05
121	0.000161303471074
122	0.000152016721311
123	9.09460162602e-05
124	0.000136642580645
125	5.1424e-05
126	1.30371428571e-05
127	4.20995275591e-05
128	5.26325e-05
129	2.64052713178e-05
130	1.23876923077e-05
131	7.15578625954e-05
132	7.27481818182e-05
133	9.13792481203e-05
134	0.000124978507463
135	0.000171954074074
136	0.000211650588235
137	0.000286212846715
138	0.000274969855072
139	0.000304521726619
140	0.000252508571429
141	0.000310034609929
142	0.000233912394366
143	0.000245393286713
144	0.0002448675
145	0.00013648
146	0.000134673150685
147	6.52378231292e-05
148	7.3207027027e-05
149	4.85390604027e-05
150	4.49866666666e-05
151	5.11435761589e-05
152	1.79842105259e-06
153	0.000114065098039
154	0.000122358961039
155	0.000103758709677
156	5.0928974359e-05
157	3.94570700637e-05
158	1.75605063291e-05
159	1.65542138365e-05
160	1.50125000002e-06
161	1.6232795031e-05
162	6.99577777778e-05
163	0.000134514355828
164	0.000154411707317
165	0.000134704242424
166	0.000121475180723
167	0.000180769820359
168	0.000215953809524
169	0.000234898934911
170	0.000215738823529
171	0.000143568888889
172	0.000140069534884
173	0.000174367861272
174	0.000184450114943
175	0.000132171428571
176	7.86629545454e-05
177	6.02506214689e-05
178	6.35339325843e-05
179	4.14230167597e-05
180	2.18533333333e-05
181	3.42585635357e-06
182	6.45672527473e-05
183	2.42216393443e-05
184	2.03743478261e-05
185	1.03351351353e-06
186	1.88415053764e-05
187	3.18387165776e-05
188	1.268e-05
189	4.26694179894e-05
190	3.32010526316e-05
191	1.40831413612e-05
192	5.81041666656e-07
193	3.28847668394e-05
194	1.59068041237e-05
195	5.40594871795e-05
196	8.97667346939e-05
197	0.000147908426396
198	9.35537373737e-05
199	9.1584522613e-05
200	8.34e-05
201	7.84760199005e-05
202	7.818e-05
203	6.09066009852e-05
204	9.10770588235e-05
205	8.588e-05
206	9.75732038835e-05
207	0.000127564057971
208	0.000122958846154
209	0.000106091483254
210	0.000175808571429
211	0.000232694218009
212	0.000312977169811
213	0.000301262159624
214	0.000308002429907
215	0.00033428
216	0.000337017962963
217	0.000321721474654
218	0.000239069908257
219	0.000209168584475
220	0.000192620909091
221	0.000245078190045
222	0.000207436756757
223	0.000164451300448
224	0.0001813675
225	0.000177653333333
226	0.000212865840708
227	0.000194671189427
228	0.000254684385965
229	0.000324077379913
230	0.00030150173913
231	0.000314835844156
232	0.000294326551724
233	0.000309087725322
234	0.000292312478632
235	0.000334484255319
236	0.000366459661017
237	0.000394823459916
238	0.000381007731092
239	0.000375412217573
240	0.000391775833333
241	0.00036621526971
242	0.000361084958678
243	0.000342503045267
244	0.000337815245902
245	0.000371100408163
246	0.000321196260163
247	0.000323939109312
248	0.000342591290323
249	0.000342864738956
250	0.000355192
251	0.000382899123506
252	0.00038114031746
253	0.000346039683794
254	0.000344227244094
255	0.000360848627451
256	0.00034649640625
257	0.000377792840467
258	0.000398745891473
259	0.000449772664093
260	0.000482514615385
261	0.000470224061303
262	0.000477210534351
263	0.000445820684411
264	0.00044021030303
265	0.000414706415094
266	0.000411849172932
267	0.000333500224719
268	0.000315437462687
269	0.000316676282528
270	0.000329635555556
271	0.000344650479705
272	0.000348352794118
273	0.000377299047619
274	0.000421351532847
275	0.000382723636364
276	0.000376404637681
277	0.000419799133574
278	0.000397877841727
279	0.000391378924731
280	0.000365926428571
281	0.000373370391459
282	0.000394520425532
283	0.000400492720848
284	0.000361606056338
285	0.000376220350877
286	0.000387096083916
287	0.000399523205575
288	0.000393818888889
289	0.000412247474048
290	0.000435535172414
291	0.000416460068729
292	0.000452546438356
293	0.000488082730375
294	0.000473611972789
295	0.000479805423729
296	0.000495666486486
297	0.000458195151515
298	0.000396257181208
299	0.000372566287625
300	0.000373546666667
301	0.00040556372093
302	0.00042748794702
303	0.000449620594059
304	0.000415551710526
305	0.000401807868852
306	0.00040463751634
307	0.000419233745928
308	0.000406926753247
309	0.000454417864078
310	0.000418767096774
311	0.000416422765273
312	0.000428099871795
313	0.00041039884984
314	0.000405004840764
315	0.000380695873016
316	0.000379085063291
317	0.000388894511041
318	0.000406305786163
319	0.000414890031348
320	0.000444895625
321	0.000435704922118
322	0.000443043354037
323	0.000431299195046
324	0.00041555345679
325	0.000416396923077
326	0.000443100245399
327	0.00039969529052
328	0.000384731829268
329	0.000382433799392
330	0.000398025454545
331	0.000388199637462
332	0.000395686024096
333	0.000378307627628
334	0.000380494371257
335	0.000418590447761
336	0.000460486547619
337	0.000479089495549
338	0.000433493609467
339	0.000450432212389
340	0.000451444705882
341	0.000455691730205
342	0.000462019181287
343	0.000475916151603
344	0.000519107325581
345	0.000524627826087
346	0.000491983468208
347	0.000505812564841
348	0.000525846666667
349	0.000532015243553
350	0.00055246
351	0.000561970598291
352	0.000584003863636
353	0.000561549688385
354	0.00057399920904
355	0.000567285633803
356	0.000565609775281
357	0.000582130980392
358	0.000579883910614
359	0.000550610362117
360	0.000535810555556
361	0.000553763102493
362	0.00055329878453
363	0.000571140055096
364	0.000608515164835
365	0.000579671780822
366	0.000593704590164
367	0.000619004250681
368	0.000627147391304
369	0.000622788401084
370	0.000659696216216
371	0.000685383504043
372	0.000662795591398
373	0.000664964182306
374	0.000656637219251
375	0.000649616
376	0.000652262446808
377	0.000663579204244
378	0.00065541015873
379	0.000592869973615
380	0.000593287894737
381	0.000598685249344
382	0.000580669528796
383	0.000550599060052
384	0.000537471666667
385	0.000518415064935
386	0.000515115233161
387	0.000515946149871
388	0.000498891340206
389	0.000502654293059
390	0.000518003076923
391	0.000485685115089
392	0.000450947857143
393	0.000470346666667
394	0.000475372893401
395	0.000496204050633
396	0.000487685050505
397	0.000469229118388
398	0.000457828241206
399	0.000428364210526
400	0.0003874525
401	0.000381919401496
402	0.000365408855721
403	0.000329823920595
404	0.000328996831683
405	0.000339566419753
406	0.000317620886699
407	0.000309210712531
408	0.00031355745098
409	0.000308623765281
410	0.000329704390244
411	0.000298341800487
412	0.000308289223301
413	0.000304626731235
414	0.000306542318841
415	0.000315549879518
416	0.000335264134615
417	0.000364116450839
418	0.000351299617225
419	0.00039222176611
420	0.000400887142857
421	0.00039187239905
422	0.000383168151659
423	0.000398422316785
424	0.000413651698113
425	0.000393392941176
426	0.000393731643192
427	0.000419841592506
428	0.000431476728972
429	0.000446155524475
430	0.000433098604651
431	0.000457271647332
432	0.00039962212963
433	0.000394779307159
434	0.000395037142857
435	0.000391491494253
436	0.000395271743119
437	0.000412496933638
438	0.000397915159817
439	0.000391994350797
440	0.000391861818182
441	0.000399312653061
442	0.000411725248869
443	0.000410388803612
444	0.00040358990991
445	0.000434650786517
446	0.000440484932735
447	0.00043600885906
448	0.000450476875
449	0.000428225657016
450	0.000433444444444
451	0.000432283104213
452	0.000443410088496
453	0.000457913995585
454	0.00045899277533
455	0.000470767912088
456	0.000478686578947
457	0.00044974345733
458	0.000446123231441
459	0.000436464313725
460	0.00045215173913
461	0.000418068286334
462	0.000401506839827
463	0.000401101166307
464	0.000384783448276
465	0.000396654193548
466	0.000405785150215
467	0.000436557944325
468	0.000428823162393
469	0.000461225842217
470	0.000451771489362
471	0.000428357282378
472	0.000434739322034
473	0.00044713243129
474	0.000467842447257
475	0.000468618947368
476	0.000472648487395
477	0.000496916897275
478	0.00050668209205
479	0.000516631983299
480	0.000506275833333
481	0.000503756923077
482	0.000480779585062
483	0.000480139627329
484	0.000460467190083
485	0.000462917113402
486	0.000472731440329
487	0.000455285749487
488	0.000448401311475
489	0.000461299631902
490	0.000468545306122
491	0.00044551095723
492	0.000434637317073
493	0.000446862555781
494	0.000441402672065
495	0.000465447676768
496	0.000466682016129
497	0.000444313802817
498	0.0004007362249
499	0.000402667975952
500	0.0003878
501	0.000406528303393
502	0.000429709880478
503	0.000414516978131
504	0.000408866507936
505	0.000408848316832
506	0.000392211620553
507	0.000394983747534
508	0.000404741023622
509	0.000420542475442
510	0.000421272156863
511	0.000425629119374
512	0.000419226875
513	0.000412744327485
514	0.000417541867704
515	0.000410192621359
516	0.000434995891473
517	0.000438697408124
518	0.000448681930502
519	0.000422115452794
520	0.000423310769231
521	0.000393002456814
522	0.000397812183908
523	0.000406190516252
524	0.00041793
525	0.000427539047619
526	0.000421775057034
527	0.000423962732448
528	0.000449662954545
529	0.00045574805293
530	0.000447527169811
531	0.000450651751412
532	0.000418037142857
533	0.000381235347092
534	0.000380848539326
535	0.000384792149533
536	0.000376364701493
537	0.000390255418994
538	0.000362997843866
539	0.00034847406308
540	0.000347896666667
541	0.000371031201479
542	0.000367454907749
543	0.000369705782689
544	0.000364174485294
545	0.000354144220183
546	0.000361828351648
547	0.00038631071298
548	0.000391526715328
549	0.000394696393443
550	0.000399192727273
551	0.000406868747731
552	0.000415413695652
553	0.000413150162749
554	0.000433373140794
555	0.000423825945946
556	0.000428831079137
557	0.00039359561939
558	0.00039797390681
559	0.000393039570662
560	0.000380397857143
561	0.000379640784314
562	0.00038146113879
563	0.000364468632327
564	0.000363765106383
565	0.000369727787611
566	0.000377515689046
567	0.000381798165785
568	0.000396998661972
569	0.000384746783831
570	0.000395376491228
571	0.000405513625219
572	0.000390342587413
573	0.000401903385689
574	0.000382439581881
575	0.000371184347826
576	0.00037168
577	0.00036047202773
578	0.000366463737024
579	0.00036760746114
580	0.000371476551724
581	0.000344335765921
582	0.000326212646048
583	0.000300791492281
584	0.000282293013699
585	0.000279974017094
586	0.000263150989761
587	0.000259562453152
588	0.000260943605442
589	0.000259197826825
590	0.000245618983051
591	0.000224119932318
592	0.00023397222973
593	0.000207954873524
594	0.000210476296296
595	0.000213407731092
596	0.000223121275168
597	0.000230564422111
598	0.000230029498328
599	0.000235364474124
600	0.000256826666667
601	0.000249541896839
602	0.000261028837209
603	0.000241966898839
604	0.000254183311258
605	0.000272863471074
606	0.000272188250825
607	0.000242431235585
608	0.000256895460526
609	0.000266471461412
610	0.00026706852459
611	0.000276514697218
612	0.000271420196078
613	0.000258004632953
614	0.000248298892508
615	0.000245010081301
616	0.000269204350649
617	0.000279595721232
618	0.000289925954693
619	0.000286122649435
620	0.000309850967742
621	0.000311440064412
622	0.000323028874598
623	0.00032284211878
624	0.000304551794872
625	0.000304464
626	0.000310857316294
627	0.000297976650718
628	0.000302105159236
629	0.000298579841017
630	0.000309500634921
631	0.000308288557845
632	0.000298863544304
633	0.000304687898894
634	0.000285500189274
635	0.000297043779528
636	0.000310939433962
637	0.000299416263736
638	0.00030965492163
639	0.000318158873239
640	0.0003070221875
641	0.000285747082683
642	0.000274955700935
643	0.000263617791602
644	0.000267099254658
645	0.00026271875969
646	0.000252579380805
647	0.000261731004637
648	0.000285025679012
649	0.000304435007704
650	0.000307083076923
651	0.00031903483871
652	0.00032431190184
653	0.000316376784073
654	0.000314739633027
655	0.00030461740458
656	0.000296061097561
657	0.000290001156773
658	0.000291120729483
659	0.000291109438543
660	0.000296405757576
661	0.000307796490166
662	0.000326646767372
663	0.000335802171946
664	0.000333491746988
665	0.000345386766917
666	0.000336430750751
667	0.000334164257871
668	0.000341136586826
669	0.000342216621824
670	0.000347044179104
671	0.000345195648286
672	0.000348029702381
673	0.000337130222883
674	0.000333565756677
675	0.00032562962963
676	0.00032716964497
677	0.000322920768094
678	0.000327855516224
679	0.000313332430044
680	0.000318209411765
681	0.000307405403818
682	0.000327348621701
683	0.000336486734993
684	0.000320510409357
685	0.000332957372263
686	0.000336331603499
687	0.000349886695779
688	0.000347140755814
689	0.000330225718432
690	0.000345332173913
691	0.0003478970767
692	0.000357146763006
693	0.000342029206349
694	0.000335350028818
695	0.000351642589928
696	0.000364241781609
697	0.000346738823529
698	0.000355178567335
699	0.000363353819742
700	0.000359325714286
701	0.000353971012839
702	0.000347472022792
703	0.000346472318634
704	0.000353553579545
705	0.000365872907801
706	0.000367600679887
707	0.000372647468175
708	0.000371948361582
709	0.000370959266573
710	0.000371725070423
711	0.000337380421941
712	0.000347915955056
713	0.000311414922861
714	0.000312595966387
715	0.000320106573427
716	0.000334710726257
717	0.000339918493724
718	0.000329980835655
719	0.000315308650904
720	0.000328146666667
721	0.00032502257975
722	0.000337288033241
723	0.000326655103734
724	0.000335912044199
725	0.00034056
726	0.000340313608815
727	0.000326047262724
728	0.000322608571429
729	0.000335883017833
730	0.000352067671233
731	0.000364090396717
732	0.000378525628415
733	0.000374221609823
734	0.000364628228883
735	0.000365677278912
736	0.000346938152174
737	0.000347148113976
738	0.000358186775068
739	0.000366973640054
740	0.000345574594595
741	0.000333955303644
742	0.000329945498652
743	0.000327986864065
744	0.000318360107527
745	0.000317326979866
746	0.000295556675603
747	0.0002773654083
748	0.000291197379679
749	0.000294650627503
750	0.000299934666667
751	0.000298353768309
752	0.000306868829787
753	0.000291391819389
754	0.00027393729443
755	0.00027509986755
756	0.000281092698413
757	0.00027231672391
758	0.000279457044855
759	0.000279888168643
760	0.000284136578947
761	0.000277463180026
762	0.000279880787402
763	0.000282078427261
764	0.00028000460733
765	0.000278812026144
766	0.000278993315927
767	0.000276007249022
768	0.000280690416667
769	0.000264927074122
770	0.000283963116883
771	0.000283822671855
772	0.00028064761658
773	0.000292585562743
774	0.00027437379845
775	0.000257011612903
776	0.000258485412371
777	0.000270754646075
778	0.000279443496144
779	0.00027987127086
780	0.000276624871795
781	0.000268559641485
782	0.000251052122762
783	0.00026421256705
784	0.000267636632653
785	0.000265904203822
786	0.00025752351145
787	0.000262016721728
788	0.000258004873096
789	0.000273141343473
790	0.000276497721519
791	0.000276712869785
792	0.000289955252525
793	0.000285652257251
794	0.000268172443325
795	0.000263652327044
796	0.00025043879397
797	0.000262934705144
798	0.000279627368421
799	0.000277006658323
800	0.0002798525
801	0.000298736179775
802	0.000283489226933
803	0.000282427198007
804	0.000274913830846
805	0.000278696149068
806	0.000289979007444
807	0.000292152118959
808	0.000308735693069
809	0.00030746368356
810	0.000311636790123
811	0.000311795906289
812	0.000316840098522
813	0.000312720590406
814	0.000309625945946
815	0.00032004196319
816	0.000328595441176
817	0.000321759559364
818	0.00033311398533
819	0.000329775238095
820	0.000322775121951
821	0.000322100219245
822	0.000331034014599
823	0.000332727387606
824	0.000338885097087
825	0.00035104969697
826	0.000342836174334
827	0.000341115308343
828	0.000350944492754
829	0.000348347068758
830	0.000333422168675
831	0.000327639085439
832	0.0003276175
833	0.000323941704682
834	0.000336793908873
835	0.000340175808383
836	0.000336851052632
837	0.000334866379928
838	0.000339997422434
839	0.000344946984505
840	0.000341788333333
841	0.000348473103448
842	0.000347299952494
843	0.000343706097272
844	0.000337053222749
845	0.000341824378698
846	0.000348117352246
847	0.000343326989374
848	0.000347267264151
849	0.000357738892815
850	0.000366837647059
851	0.000352198213866
852	0.000350737511737
853	0.000349988323564
854	0.000353649555035
855	0.000355018011696
856	0.000342644953271
857	0.000350630991832
858	0.000353491188811
859	0.000346955902212
860	0.000346619534884
861	0.000331706713124
862	0.000319030348028
863	0.000331097149479
864	0.000326603611111
865	0.000318985202312
866	0.000314721570439
867	0.000316199031142
868	0.000311906958525
869	0.000316897491369
870	0.000318328275862
871	0.000315964730195
872	0.000316772889908
873	0.000326252737686
874	0.000325618215103
875	0.000326654857143
876	0.00032663890411
877	0.000321496419612
878	0.000335161776765
879	0.000331433128555
880	0.000333211818182
881	0.000324126083995
882	0.000314580226757
883	0.000303223601359
884	0.000296407375566
885	0.000289137627119
886	0.000290395575621
887	0.000295124193912
888	0.000291116936937
889	0.000291781237345
890	0.000279322696629
891	0.0002759796633
892	0.000283167668161
893	0.00028519287794
894	0.000295107293065
895	0.000295459888268
896	0.0002890784375
897	0.000292257480491
898	0.000289708953229
899	0.000288882447163
900	0.000289004444444
901	0.000291885327414
902	0.000277539201774
903	0.000291623521595
904	0.000280808318584
905	0.000290156243094
906	0.000285457041943
907	0.000292725203969
908	0.000289467444934
909	0.000294170649065
910	0.000299417362637
911	0.00029792039517
912	0.00027367122807
913	0.000281168499452
914	0.000290920700219
915	0.000292240655738
916	0.000295075196507
917	0.000293823947655
918	0.000305629891068
919	0.000307678911861
920	0.00031083326087
921	0.000305770119435
922	0.000314842689805
923	0.000318724420368
924	0.000310077186147
925	0.00031556
926	0.000301672440605
927	0.000290875253506
928	0.000283904137931
929	0.000277819935414
930	0.000286350967742
931	0.000278786337272
932	0.000275120987124
933	0.000277730375134
934	0.000287186423983
935	0.000283684278075
936	0.000292033632479
937	0.000291706680896
938	0.000306197057569
939	0.000312154973376
940	0.000304540638298
941	0.000291630053135
942	0.000300239447983
943	0.000285963138918
944	0.000294384449153
945	0.000279627089947
946	0.000287285708245
947	0.000289343146779
948	0.000283491181435
949	0.000276140484721
950	0.000268636842105
951	0.000265669484753
952	0.000260207310924
953	0.000264513158447
954	0.000257167421384
955	0.00027582973822
956	0.000267883974895
957	0.00027289107628
958	0.000275153903967
959	0.000267592408759
960	0.000270272708333
961	0.000268087908429
962	0.000274924282744
963	0.000266263592939
964	0.000265081452282
965	0.000266917305699
966	0.00026618
967	0.000273627259566
968	0.000262020909091
969	0.000255359050568
970	0.000267858350515
971	0.000264940556128
972	0.000252437201646
973	0.000244848550874
974	0.000244672813142
975	0.000248551794872
976	0.000243267090164
977	0.000241374984647
978	0.000228509243354
979	0.000236884290092
980	0.00025103
981	0.000251562772681
982	0.000245028268839
983	0.000247184577823
984	0.000257562113821
985	0.000253167309645
986	0.00025511306288
987	0.000270591854103
988	0.000275870283401
989	0.000273180505561
990	0.000267973939394
991	0.000274409566095
992	0.000276815080645
993	0.000272707190332
994	0.000266567323944
995	0.000267976482412
996	0.000269828594377
997	0.000264269769308
998	0.000274731102204
999	0.0002758802002
1000	0.000288221
1001	0.000272008671329
1002	0.000273008343313
1003	0.000280540418744
1004	0.000279574422311
1005	0.000289410348259
1006	0.000276002067594
1007	0.000261453584906
1008	0.000276255396825
1009	0.00027768
1010	0.000265956237624
1011	0.000264917388724
1012	0.000251410237154
1013	0.000251814254689
1014	0.000234487692308
1015	0.000235101674877
1016	0.000239644566929
1017	0.000240928770895
1018	0.000226863693517
1019	0.000218331619234
1020	0.000219930980392
1021	0.000223884701273
1022	0.000227534207436
1023	0.000221086647116
1024	0.000222318671875
1025	0.000224684878049
1026	0.00022888662768
1027	0.000241419045764
1028	0.000226614824903
1029	0.000237093994169
1030	0.00023038776699
1031	0.000223760504365
1032	0.000217442596899
1033	0.000225757444337
1034	0.000214402437137
1035	0.000221318647343
1036	0.000212276525096
1037	0.000208711822565
1038	0.000213809094412
1039	0.000223055360924
1040	0.000225103076923
1041	0.000229292872238
1042	0.000222792284069
1043	0.000218116241611
1044	0.000210186704981
1045	0.00021508861244
1046	0.000213984015296
1047	0.000213596905444
1048	0.000216795458015
1049	0.000227610409914
1050	0.000223119047619
1051	0.000238428810656
1052	0.000237603003802
1053	0.000239815802469
1054	0.000244048121442
1055	0.00024459563981
1056	0.000240981136364
1057	0.000246333736991
1058	0.000245826502836
1059	0.000233614844193
1060	0.000217474339623
1061	0.000203361432611
1062	0.000195672467043
1063	0.000195551119473
1064	0.000202766466165
1065	0.000203416150235
1066	0.000195933283302
1067	0.000184362286785
1068	0.000193277378277
1069	0.000176497586529
1070	0.00016509682243
1071	0.000156470849673
1072	0.000154921604478
1073	0.000166469375582
1074	0.000171234934823
1075	0.000168488372093
1076	0.000159682788104
1077	0.000146399591458
1078	0.000136489833024
1079	0.000143799555144
1080	0.000143328148148
1081	0.000158143459759
1082	0.000166192014787
1083	0.000164223859649
1084	0.000170313763838
1085	0.000169605345622
1086	0.000167426777164
1087	0.000157108702852
1088	0.000167238823529
1089	0.000159607456382
1090	0.000166697431193
1091	0.000165797323556
1092	0.000167010586081
1093	0.000167737639524
1094	0.000169488957952
1095	0.000163286392694
1096	0.000170377992701
1097	0.000169917921604
1098	0.000167905865209
1099	0.00016751166515
1100	0.000167942727273
1101	0.000171522870118
1102	0.000161461306715
1103	0.000162796047144
1104	0.000164314963768
1105	0.000170922533937
1106	0.00017764925859
1107	0.000177537271906
1108	0.000175857797834
1109	0.000173480721371
1110	0.000173318738739
1111	0.000167161548155
1112	0.000167051402878
1113	0.000171202911051
1114	0.000163787719928
1115	0.000167338295964
1116	0.000174880716846
1117	0.000171378299015
1118	0.000171805223614
1119	0.000170753279714
1120	0.000179169285714
1121	0.000190763853702
1122	0.000191630980392
1123	0.000182160854853
1124	0.000191046548043
1125	0.000189912
1126	0.000177205754885
1127	0.000182707506655
1128	0.000189109078014
1129	0.000183417821081
1130	0.000179584424779
1131	0.00018577106985
1132	0.000184348727915
1133	0.00018355466902
1134	0.000182582998236
1135	0.000177314361234
1136	0.00016966415493
1137	0.000170423183817
1138	0.000175440984183
1139	0.00017480906058
1140	0.000183852807018
1141	0.000182357475898
1142	0.000189479474606
1143	0.000176650253718
1144	0.000187144160839
1145	0.000185514934498
1146	0.000182963595113
1147	0.000189162127289
1148	0.000192291498258
1149	0.000184758328982
1150	0.000184536521739
1151	0.000177722571677
1152	0.000177432604167
1153	0.000184524752819
1154	0.000178738058926
1155	0.000182520692641
1156	0.000175532941177
1157	0.000177779394987
1158	0.000184751675302
1159	0.000181377152718
1160	0.000184660172414
1161	0.000181568027563
1162	0.000175447641997
1163	0.000181966328461
1164	0.000181934295533
1165	0.000181352103004
1166	0.000185064219554
1167	0.000184142724936
1168	0.000191955684932
1169	0.000201494371258
1170	0.000202266324786
1171	0.000202804679761
1172	0.000206909522184
1173	0.000203269940324
1174	0.000203253253833
1175	0.000205964255319
1176	0.000208889183674
1177	0.000193755615973
1178	0.000180945704584
1179	0.000179281357082
1180	0.00018384779661
1181	0.000190188890771
1182	0.000196030253807
1183	0.000195685071851
1184	0.000192989966216
1185	0.00019698464135
1186	0.000202767689713
1187	0.000205308475148
1188	0.000201097508418
1189	0.000199308259041
1190	0.000189011092437
1191	0.000186526347607
1192	0.000181049966443
1193	0.000188020318525
1194	0.000174106298158
1195	0.000174270794979
1196	0.000181877324415
1197	0.000178882172097
1198	0.000189967979967
1199	0.000188433961635
1200	0.000186201666667
1201	0.000182615886761
1202	0.000185293976706
1203	0.000186399866999
1204	0.000171792126246
1205	0.000172257593361
1206	0.000172485140962
1207	0.000177938492129
1208	0.00017709307947
1209	0.000177133267163
1210	0.000185151900827
1211	0.000182376944674
1212	0.000178554587459
1213	0.000164268623248
1214	0.000166265667216
1215	0.000167837201646
1216	0.000175515526316
1217	0.00018552716516
1218	0.00018988771757
1219	0.000190564331419
1220	0.000192561967213
1221	0.000193613660934
1222	0.000201621898527
1223	0.000191209026983
1224	0.000195015784314
1225	0.000190987755102
1226	0.00019681050571
1227	0.000196644955175
1228	0.000198708501629
1229	0.000197707664768
1230	0.000177557235772
1231	0.000172023623071
1232	0.000168687305195
1233	0.000159214468775
1234	0.000159152447326
1235	0.000168109959514
1236	0.000171057022654
1237	0.000168866742118
1238	0.000164586300485
1239	0.000156546020985
1240	0.000158063870968
1241	0.000163055503626
1242	0.00016607452496
1243	0.000158134545455
1244	0.000161213762058
1245	0.000157259919679
1246	0.000158745810594
1247	0.00015618521251
1248	0.000156452435898
1249	0.000161926597278
1250	0.0001697592
1251	0.000175064492406
1252	0.000170167220447
1253	0.000156309688747
1254	0.000157233429027
1255	0.000150942948207
1256	0.000155812165605
1257	0.000157314844869
1258	0.000157185564388
1259	0.000149020746624
1260	0.000145009365079
1261	0.000150020999207
1262	0.000142836101426
1263	0.000138421884402
1264	0.000123458481013
1265	0.000123932964427
1266	0.000129377472354
1267	0.000117236432518
1268	0.000119665015773
1269	0.000115297809299
1270	0.000119655590551
1271	0.000110632793076
1272	0.000115734245283
1273	0.00010912854674
1274	0.000118732590267
1275	0.000117755294118
1276	0.000118256802508
1277	0.000118261049334
1278	0.000114471079812
1279	0.000116746458171
1280	0.00011450578125
1281	0.000113039875098
1282	0.000105697160686
1283	0.000111136742011
1284	0.000119146510903
1285	0.000107862879377
1286	0.000105293530327
1287	0.000102892121212
1288	0.000102586055901
1289	0.000100593110939
1290	9.631875969e-05
1291	9.73786831914e-05
1292	9.80043034056e-05
1293	9.71262490333e-05
1294	0.000102446615147
1295	9.81695752896e-05
1296	9.56283024692e-05
1297	9.79614186585e-05
1298	9.11576579353e-05
1299	9.27361970747e-05
1300	9.3116923077e-05
1301	9.2673850884e-05
1302	8.18174807988e-05
1303	8.5722210284e-05
1304	8.22145092025e-05
1305	7.90286590039e-05
1306	8.69847473201e-05
1307	8.39745677124e-05
1308	9.27411620796e-05
1309	8.62667074103e-05
1310	9.20838167939e-05
1311	9.40659649123e-05
1312	0.000101726493902
1313	0.000110136207159
1314	0.000108682283105
1315	0.000115059467681
1316	0.000109412522796
1317	0.000109273773728
1318	0.000116690622155
1319	0.000113784624716
1320	0.000103089848485
1321	9.41031642696e-05
1322	9.84046596067e-05
1323	9.31070597128e-05
1324	0.000100058398792
1325	8.97894339623e-05
1326	0.000101668687783
1327	0.00010474103994
1328	0.000100827590362
1329	0.000103896704289
1330	0.000101174736842
1331	8.99452141248e-05
1332	8.57227927928e-05
1333	7.86087321831e-05
1334	8.06042878561e-05
1335	8.53526591761e-05
1336	8.65250598803e-05
1337	8.69672101721e-05
1338	8.66037668162e-05
1339	7.42363853623e-05
1340	7.36091044777e-05
1341	7.73377181209e-05
1342	8.10876005962e-05
1343	7.22965301564e-05
1344	7.35862500001e-05
1345	6.87736802975e-05
1346	7.7619821694e-05
1347	7.29583964366e-05
1348	7.32727299704e-05
1349	7.31507190512e-05
1350	7.82977777778e-05
1351	7.37858475204e-05
1352	7.09196449705e-05
1353	7.06038728751e-05
1354	7.42324372231e-05
1355	6.99870110702e-05
1356	8.02072861358e-05
1357	8.11612085483e-05
1358	7.75062150221e-05
1359	6.79588815306e-05
1360	6.49270588236e-05
1361	6.50951359295e-05
1362	6.77416740089e-05
1363	6.6167160675e-05
1364	7.19065395895e-05
1365	6.54118681319e-05
1366	5.71126500733e-05
1367	5.30150402341e-05
1368	5.56251754387e-05
1369	5.64382176772e-05
1370	6.36537226278e-05
1371	6.9672706054e-05
1372	6.44664431487e-05
1373	6.0996824472e-05
1374	5.6776069869e-05
1375	6.48385454546e-05
1376	7.27955523256e-05
1377	8.01731009441e-05
1378	8.43686792453e-05
1379	9.46829006527e-05
1380	0.000100040144928
1381	8.8604692252e-05
1382	8.68608972504e-05
1383	8.98332899494e-05
1384	8.76337572255e-05
1385	8.38150180506e-05
1386	7.86136219337e-05
1387	7.87095602019e-05
1388	7.94379250721e-05
1389	7.99586177106e-05
1390	7.74548201439e-05
1391	8.03198274623e-05
1392	8.2205862069e-05
1393	8.37460445083e-05
1394	8.01226111909e-05
1395	7.76147670251e-05
1396	7.84464756447e-05
1397	8.21567358626e-05
1398	8.5835937053e-05
1399	7.98830021444e-05
1400	8.82485714286e-05
1401	7.70147608851e-05
1402	7.56001141227e-05
1403	7.44825659302e-05
1404	7.32448148149e-05
1405	6.8567544484e-05
1406	6.91757325747e-05
1407	7.04895238096e-05
1408	6.91082670455e-05
1409	5.85863165366e-05
1410	6.18034042554e-05
1411	6.9855761871e-05
1412	6.42253257791e-05
1413	6.69347770701e-05
1414	7.05505799152e-05
1415	7.3186713781e-05
1416	6.76503389831e-05
1417	6.30335638674e-05
1418	6.39225952045e-05
1419	6.81662579282e-05
1420	6.248e-05
1421	5.98918226601e-05
1422	5.08586216597e-05
1423	5.46301054111e-05
1424	5.18099157304e-05
1425	5.50771929825e-05
1426	6.23980925666e-05
1427	4.94844849334e-05
1428	5.34755182073e-05
1429	5.46813995801e-05
1430	5.90373426574e-05
1431	5.56841928721e-05
1432	5.39062569833e-05
1433	5.797448709e-05
1434	5.11270013947e-05
1435	5.63977700349e-05
1436	5.41089693594e-05
1437	5.3593013222e-05
1438	5.92314603616e-05
1439	5.5657762335e-05
1440	6.69869444445e-05
1441	6.32879111728e-05
1442	6.04435228849e-05
1443	6.44575467776e-05
1444	6.49293074793e-05
1445	6.26412456748e-05
1446	6.12463900415e-05
1447	5.96378438148e-05
1448	5.53084530387e-05
1449	6.1740731539e-05
1450	6.05227586207e-05
1451	6.18240385941e-05
1452	6.61779338843e-05
1453	6.51989263593e-05
1454	6.1362255846e-05
1455	6.56057731959e-05
1456	4.57273901099e-05
1457	4.06161702128e-05
1458	3.21367901235e-05
1459	3.66279095271e-05
1460	3.67176712329e-05
1461	3.99394113621e-05
1462	4.29207660739e-05
1463	4.73149965824e-05
1464	4.65502185793e-05
1465	5.04499658704e-05
1466	4.98068758527e-05
1467	5.24407361964e-05
1468	5.33605177112e-05
1469	5.07303744044e-05
1470	5.24691156463e-05
1471	4.77493405847e-05
1472	4.80013315218e-05
1473	4.93622810591e-05
1474	5.28557123474e-05
1475	5.95172881356e-05
1476	6.65892140922e-05
1477	6.47395802302e-05
1478	6.14039512856e-05
1479	6.58902772144e-05
1480	6.27854054055e-05
1481	6.52566374072e-05
1482	6.89924156546e-05
1483	7.33428455833e-05
1484	7.12541239893e-05
1485	7.05911111112e-05
1486	7.29417765815e-05
1487	7.74439542704e-05
1488	8.4366827957e-05
1489	8.70567629282e-05
1490	8.84383892618e-05
1491	9.33480080483e-05
1492	9.48991689008e-05
1493	0.000102601634293
1494	0.000107198072289
1495	0.000109423812709
1496	0.000108087085562
1497	0.000107539719439
1498	0.000111876261682
1499	0.000113369126084
1500	0.000113856
1501	0.000119919840107
1502	0.000124990918775
1503	0.000121999361277
1504	0.000123796356383
1505	0.000127190299003
1506	0.000126840690571
1507	0.000130546622429
1508	0.000136287427056
1509	0.000140340039761
1510	0.000143619735099
1511	0.000140478146923
1512	0.000145076164021
1513	0.000145039550562
1514	0.000150515535007
1515	0.000147773729373
1516	0.00014911469657
1517	0.000138805247198
1518	0.000140863135705
1519	0.000143757682686
1520	0.000143008947368
1521	0.000135695121631
1522	0.000136287095926
1523	0.000145489586343
1524	0.000146375538058
1525	0.000147910819672
1526	0.000144611847969
1527	0.000147204557957
1528	0.000142917565445
1529	0.000145870320471
1530	0.00015420875817
1531	0.000146221476159
1532	0.000151950887729
1533	0.000155610854534
1534	0.000148552881356
1535	0.000152006384365
1536	0.000155150052083
1537	0.000158765230969
1538	0.000163122782835
1539	0.000160715087719
1540	0.000159474155844
1541	0.000159735807917
1542	0.000164279870298
1543	0.000174145327285
1544	0.000174494766839
1545	0.000178867702265
1546	0.000180806131953
1547	0.00018171749192
1548	0.000183090206718
1549	0.000180068637831
1550	0.000180869677419
1551	0.000185514300451
1552	0.000184914536083
1553	0.000185257591758
1554	0.000184167773488
1555	0.000188628553055
1556	0.000187712133676
1557	0.00018428179833
1558	0.000181050346598
1559	0.000183471533034
1560	0.000191469102564
1561	0.000198287303011
1562	0.000195772189501
1563	0.000190550121561
1564	0.000194843682865
1565	0.000194274249201
1566	0.000188316653895
1567	0.00018623775367
1568	0.00018287005102
1569	0.00017807069471
1570	0.000181431592357
1571	0.000182961985996
1572	0.00018616346056
1573	0.00017335768595
1574	0.000173159034308
1575	0.000175239365079
1576	0.00017901819797
1577	0.000183003398859
1578	0.000179312446134
1579	0.000185030854972
1580	0.000178469240506
1581	0.000179687590133
1582	0.000180350670038
1583	0.00017235087808
1584	0.000174723560606
1585	0.000171935520505
1586	0.000161492105927
1587	0.000159756874606
1588	0.000158640957179
1589	0.000148202341095
1590	0.000151975597484
1591	0.000157421671905
1592	0.000158600854271
1593	0.00016134603892
1594	0.000153690664994
1595	0.00014977153605
1596	0.000151148671679
1597	0.000146921703194
1598	0.000152534818523
1599	0.00015259369606
1600	0.000150815
1601	0.000152615665209
1602	0.000156379750312
1603	0.000157361846538
1604	0.000161888852868
1605	0.000159856947041
1606	0.00016164762142
1607	0.000156531897947
1608	0.000150214825871
1609	0.000150230652579
1610	0.000142889937888
1611	0.000139814698945
1612	0.000138600595534
1613	0.000138209448233
1614	0.000138092639405
1615	0.000133984024768
1616	0.000138678143564
1617	0.00014201580705
1618	0.000134524252163
1619	0.000130865299568
1620	0.000125992962963
1621	0.000126723800123
1622	0.000127540665845
1623	0.000122074331485
1624	0.000124733571429
1625	0.000119993230769
1626	0.000107467207872
1627	0.000104554001229
1628	0.000107248796069
1629	0.000107366924494
1630	0.00010239595092
1631	9.99601961987e-05
1632	9.37614950981e-05
1633	9.46671402328e-05
1634	9.42038678091e-05
1635	9.6811498471e-05
1636	9.09758435208e-05
1637	9.62548320098e-05
1638	0.000100472429792
1639	0.000100418865162
1640	0.000106183658537
1641	0.000103401511274
1642	0.000109661120585
1643	9.9381765064e-05
1644	9.97596836984e-05
1645	9.99693617022e-05
1646	0.000101210376671
1647	0.000103044298725
1648	9.93505097088e-05
1649	9.38588963009e-05
1650	8.30436363637e-05
1651	8.65225196851e-05
1652	8.91388377725e-05
1653	9.04210768301e-05
1654	7.56461426845e-05
1655	7.54582477342e-05
1656	7.7982536232e-05
1657	8.06456004829e-05
1658	8.08754161641e-05
1659	8.00296081978e-05
1660	8.52456626507e-05
1661	8.37287658038e-05
1662	8.95578580025e-05
1663	8.94340589297e-05
1664	8.23320432693e-05
1665	8.10205405406e-05
1666	8.11091716687e-05
1667	8.85954169167e-05
1668	8.7337673861e-05
1669	8.49358418215e-05
1670	7.81297005989e-05
1671	8.51354159187e-05
1672	6.91829904307e-05
1673	6.67098864316e-05
1674	6.97032974911e-05
1675	6.6248955224e-05
1676	6.15439618139e-05
1677	5.91361717353e-05
1678	5.9900500596e-05
1679	5.84911971413e-05
1680	5.82490476191e-05
1681	5.15110529447e-05
1682	4.27341022593e-05
1683	5.13496375521e-05
1684	5.9060047506e-05
1685	5.99696142434e-05
1686	5.493029656e-05
1687	5.8052258447e-05
1688	5.00686255925e-05
1689	5.38789342807e-05
1690	5.81533727811e-05
1691	6.1051969249e-05
1692	4.46876832152e-05
1693	4.10828352039e-05
1694	3.83895631642e-05
1695	4.51136283187e-05
1696	5.40042924529e-05
1697	5.94018621097e-05
1698	6.83348881037e-05
1699	6.86452736905e-05
1700	6.12400000001e-05
1701	6.04613051147e-05
1702	5.48327614572e-05
1703	6.20998473283e-05
1704	5.20250704226e-05
1705	4.71204692083e-05
1706	4.89918405628e-05
1707	5.49336613943e-05
1708	5.07075175645e-05
1709	5.53886015214e-05
1710	5.57630409358e-05
1711	5.22416598481e-05
1712	5.40766121496e-05
1713	6.37792410976e-05
1714	5.91724154027e-05
1715	5.3605947522e-05
1716	5.69719580421e-05
1717	5.98162842168e-05
1718	5.80321536671e-05
1719	5.03123443864e-05
1720	5.07951162792e-05
1721	5.22773271355e-05
1722	5.70185598143e-05
1723	5.34286941382e-05
1724	5.56231554525e-05
1725	5.65855072465e-05
1726	5.35554345308e-05
1727	5.02034510713e-05
1728	4.97448148149e-05
1729	4.39784384038e-05
1730	4.40430057804e-05
1731	3.99081917967e-05
1732	4.33468591225e-05
1733	4.20660357762e-05
1734	3.82780392158e-05
1735	4.0322074928e-05
1736	4.36909447005e-05
1737	4.24825331031e-05
1738	4.16805753741e-05
1739	4.82682691203e-05
1740	4.96788505748e-05
1741	4.99608730615e-05
1742	5.08975660161e-05
1743	5.57000803214e-05
1744	5.75922706423e-05
1745	6.09459025789e-05
1746	5.74772508592e-05
1747	5.77303720665e-05
1748	5.90266819223e-05
1749	5.78543853631e-05
1750	6.05491428572e-05
1751	6.32630953741e-05
1752	5.73215525115e-05
1753	5.75413804906e-05
1754	5.91246978336e-05
1755	4.99506552707e-05
1756	4.96953758543e-05
1757	4.76077177007e-05
1758	3.64615699659e-05
1759	2.88670380899e-05
1760	2.89407954546e-05
1761	3.08134469052e-05
1762	3.81663791147e-05
1763	3.81955984118e-05
1764	3.48319274377e-05
1765	3.23253257791e-05
1766	3.91380973953e-05
1767	3.88650594228e-05
1768	4.52948190046e-05
1769	4.62554663652e-05
1770	4.74969491526e-05
1771	5.07104912479e-05
1772	4.81184875847e-05
1773	4.73421545403e-05
1774	4.68254340474e-05
1775	4.544e-05
1776	4.72762837838e-05
1777	4.26079684862e-05
1778	3.7824544432e-05
1779	3.90712310287e-05
1780	3.93760674158e-05
1781	4.05738798428e-05
1782	3.89022222222e-05
1783	4.36732697701e-05
1784	4.70897533633e-05
1785	4.73707563026e-05
1786	4.44661142218e-05
1787	3.64880581981e-05
1788	3.1530671141e-05
1789	3.88096813863e-05
1790	3.06660335196e-05
1791	3.52003796762e-05
1792	3.77653794643e-05
1793	3.98673954267e-05
1794	3.43410925307e-05
1795	3.01173259053e-05
1796	3.11282182628e-05
1797	3.00745464664e-05
1798	3.18841156841e-05
1799	2.89351417455e-05
1800	2.20627777778e-05
1801	2.43013214881e-05
1802	2.33120754717e-05
1803	2.25740654465e-05
1804	2.42919733925e-05
1805	2.92772299169e-05
1806	3.39036987819e-05
1807	2.83175207527e-05
1808	3.04100884956e-05
1809	3.58375456053e-05
1810	4.44755801105e-05
1811	4.33525565986e-05
1812	4.96375055188e-05
1813	5.06452509653e-05
1814	5.18828665932e-05
1815	5.8750523416e-05
1816	5.71838546256e-05
1817	4.73057567419e-05
1818	5.13373157316e-05
1819	4.53798350742e-05
1820	4.95497802198e-05
1821	5.39067984624e-05
1822	5.89977826565e-05
1823	6.15022709819e-05
1824	5.71355921053e-05
1825	6.12230136987e-05
1826	5.54247973713e-05
1827	5.34835030104e-05
1828	5.30913785558e-05
1829	5.14919190815e-05
1830	4.11592349727e-05
1831	3.531080284e-05
1832	3.11920087336e-05
1833	2.94317730496e-05
1834	3.19668047983e-05
1835	3.34603814714e-05
1836	3.5188714597e-05
1837	3.8294044638e-05
1838	4.19438737758e-05
1839	4.6405394236e-05
1840	4.60283695652e-05
1841	4.89146550788e-05
1842	5.10464495114e-05
1843	4.44553662507e-05
1844	4.8748329718e-05
1845	4.41775609756e-05
1846	3.86469555796e-05
1847	4.11456199242e-05
1848	4.18861688312e-05
1849	4.06215900487e-05
1850	3.66994594595e-05
1851	3.70257590492e-05
1852	3.82086177106e-05
1853	3.61721748516e-05
1854	2.73633872708e-05
1855	2.64304043127e-05
1856	2.80226724138e-05
1857	2.60343349489e-05
1858	2.02397416577e-05
1859	2.12033996772e-05
1860	1.30848387097e-05
1861	1.29212681354e-05
1862	1.12342427497e-05
1863	8.34237251746e-06
1864	1.38103648069e-05
1865	9.65211796249e-06
1866	9.96188638802e-06
1867	1.29183502946e-05
1868	1.39241113491e-05
1869	1.04595612627e-05
1870	1.51837433155e-05
1871	1.43229716729e-05
1872	1.19086324787e-05
1873	1.43367004805e-05
1874	1.85465955176e-05
1875	2.17264e-05
1876	2.6534477612e-05
1877	3.1900564731e-05
1878	3.28461341853e-05
1879	3.43207663651e-05
1880	4.07140425532e-05
1881	3.68554385965e-05
1882	2.54451434644e-05
1883	2.81850451407e-05
1884	2.89618471338e-05
1885	3.09139522546e-05
1886	3.07563520679e-05
1887	3.40551987282e-05
1888	3.28833898305e-05
1889	3.69875701429e-05
1890	3.98038095238e-05
1891	3.76794711793e-05
1892	4.00076955603e-05
1893	3.65077865821e-05
1894	3.47375501584e-05
1895	3.55512401055e-05
1896	3.07374894515e-05
1897	2.5569298893e-05
1898	2.70019178082e-05
1899	3.40891627172e-05
1900	3.15910526316e-05
1901	3.1715770647e-05
1902	3.00727444795e-05
1903	2.99637624803e-05
1904	2.8649012605e-05
1905	3.29613648294e-05
1906	3.40561804827e-05
1907	2.9572501311e-05
1908	3.0074129979e-05
1909	3.26171398638e-05
1910	3.52595811518e-05
1911	3.46512192569e-05
1912	2.8394958159e-05
1913	2.80537584945e-05
1914	2.72912852665e-05
1915	2.18408355092e-05
1916	2.19153862213e-05
1917	2.61614814815e-05
1918	2.2589801877e-05
1919	2.06971964565e-05
1920	1.61570833333e-05
1921	1.97419469027e-05
1922	2.16420187305e-05
1923	1.37533229329e-05
1924	1.01592099792e-05
1925	1.36415584416e-05
1926	1.37843613707e-05
1927	1.75632381941e-05
1928	1.82500207469e-05
1929	1.60631000519e-05
1930	1.73297409327e-05
1931	1.65702123252e-05
1932	1.09429399586e-05
1933	9.09231246771e-06
1934	4.05745604967e-06
1935	6.53736434111e-06
1936	5.87989669425e-06
1937	4.70632937535e-06
1938	8.3079669763e-06
1939	7.38345538942e-06
1940	5.51917525778e-06
1941	1.31725296239e-05
1942	1.52340679712e-05
1943	1.97165414308e-05
1944	1.73044855967e-05
1945	1.83602056556e-05
1946	2.48141212744e-05
1947	2.67703954803e-05
1948	2.94412936345e-05
1949	2.85635300154e-05
1950	2.37046153846e-05
1951	1.36989646335e-05
1952	1.41677049181e-05
1953	8.55762416797e-06
1954	6.69279426818e-06
1955	4.09994884912e-06
1956	3.4555623722e-06
1957	3.25639243742e-06
1958	6.63556690501e-06
1959	2.33174068401e-06
1960	2.84244897959e-06
1961	1.33954716981e-05
1962	1.09647502548e-05
1963	8.44735608761e-06
1964	1.04106313646e-05
1965	1.10864122137e-05
1966	1.09125737538e-05
1967	1.20098830707e-05
1968	1.81472357724e-05
1969	2.22910512951e-05
1970	2.00189847716e-05
1971	1.59415119229e-05
1972	1.11688843813e-05
1973	1.01040851495e-05
1974	1.03412765957e-05
1975	9.75392405062e-06
1976	4.56342105261e-06
1977	2.96339908951e-06
1978	1.58238624871e-06
1979	1.0769479535e-06
1980	4.71232323235e-06
1981	1.89756688543e-06
1982	3.51652875885e-06
1983	1.11576399392e-06
1984	2.52967741933e-06
1985	1.28876574304e-06
1986	5.2469687815e-06
1987	1.00690286865e-05
1988	9.06682092558e-06
1989	6.78960281551e-06
1990	7.04130653269e-06
1991	3.53685585135e-06
1992	5.14028112449e-06
1993	5.9747917712e-06
1994	3.29241725175e-06
1995	3.90897243106e-06
1996	2.32901803607e-06
1997	2.02601902856e-06
1998	5.52884884886e-06
1999	4.16924462232e-06
2000	0.0
