0.0	0.0	0.0
0.5	-0.017178267	0.00104965308103
1.0	-0.0234439245	0.00145712859785
1.5	-0.0278865725	0.001767466637
2.0	-0.032412524	0.00208634611018
2.5	-0.037848956	0.00248420148127
3.0	-0.0445211	0.00300270375311
3.5	-0.05258347	0.00366989896827
4.0	-0.0621306425	0.0045203400727
4.5	-0.073334189	0.00567941252804
5.0	-0.086869994	0.00735388141391
5.5	-0.10292931	0.00875076781417
6.0	-0.1175516275	0.00848952642214
6.5	-0.125261435	0.00708590655644
7.0	-0.124904145	0.00576707453943
7.5	-0.1188752	0.00501144578484
8.0	-0.11019648	0.00474898090441
8.5	-0.101099462	0.00476278045015
9.0	-0.0927957285	0.00487413131849
9.5	-0.085721327	0.00498615729679
10.0	-0.07987357	0.0050648147296
10.5	-0.0750732655	0.00510543194732
11.0	-0.0711113365	0.00510926001797
11.5	-0.0678058515	0.00507455298755
12.0	-0.0650122415	0.00499666391438
12.5	-0.0626166625	0.00487095600984
13.0	-0.0605272125	0.00469586703889
13.5	-0.0586693445	0.00447375583525
14.0	-0.056979904	0.00421044575283
14.5	-0.0554111195	0.00392052911601
15.0	-0.053928371	0.00361511236078
15.5	-0.0525039155	0.00331207911793
16.0	-0.0511268635	0.00303288893227
16.5	-0.049800073	0.00279433789274
17.0	-0.048531863	0.00260919566289
17.5	-0.047332857	0.00248844158969
18.0	-0.0462193605	0.00243607153586
18.5	-0.045209744	0.00244722014124
19.0	-0.04431948	0.00251002245607
19.5	-0.043558013	0.00260781866776
20.0	-0.04292628	0.00272202780336
20.5	-0.0424164055	0.00283578485149
21.0	-0.042014154	0.00293499086591
21.5	-0.0417007265	0.00300858532196
22.0	-0.041453966	0.00304940668843
22.5	-0.0412504525	0.00305517126352
23.0	-0.041067872	0.00302863566422
23.5	-0.040887424	0.00297691334099
24.0	-0.0406953735	0.00291039927123
24.5	-0.04048412	0.00284104097885
25.0	-0.0402520465	0.0027807666315
25.5	-0.040003008	0.00273941537983
26.0	-0.039744877	0.00272343287382
26.5	-0.039488071	0.00273510473162
27.0	-0.0392435525	0.0027725911657
27.5	-0.0390213935	0.0028307097777
28.0	-0.0388293915	0.00290217628855
28.5	-0.038672149	0.00297870808434
29.0	-0.0385508815	0.00305245979365
29.5	-0.038463293	0.00311668636874
30.0	-0.0384045115	0.00316665464547
30.5	-0.038367627	0.0031998459727
31.0	-0.038345079	0.0032162476735
31.5	-0.038329451	0.0032179483665
32.0	-0.038314537	0.00320882448896
32.5	-0.038295879	0.00319367085673
33.0	-0.0382710465	0.00317758266551
33.5	-0.0382397135	0.00316505713847
34.0	-0.038203275	0.00315947280976
34.5	-0.0381643585	0.0031626220443
35.0	-0.0381262635	0.00317471342813
35.5	-0.038092317	0.00319447053493
36.0	-0.0380653905	0.00321960645699
36.5	-0.0380475085	0.00324722273946
37.0	-0.0380395805	0.0032742888911
37.5	-0.038041456	0.00329819883828
38.0	-0.0380519765	0.0033169449914
38.5	-0.038069291	0.00332939038436
39.0	-0.0380910845	0.00333531892906
39.5	-0.038115008	0.0033353597343
40.0	-0.0381389575	0.00333080145699
40.5	-0.038161275	0.00332336167394
41.0	-0.0381809555	0.00331487069799
41.5	-0.0381976155	0.00330706124825
42.0	-0.038211458	0.00330123560239
42.5	-0.038223152	0.00329820465312
43.0	-0.038233673	0.00329824802177
43.5	-0.0382440595	0.00330105020261
44.0	-0.038255303	0.00330598096248
44.5	-0.0382681635	0.00331204675731
45.0	-0.0382830875	0.00331823292322
45.5	-0.0383002105	0.00332358477612
46.0	-0.0383193345	0.00332736555948
46.5	-0.0383399865	0.00332908750969
47.0	-0.038361582	0.00332863013153
47.5	-0.0383834345	0.00332613465325
48.0	-0.0384049085	0.00332199460975
48.5	-0.038425474	0.00331678119674
49.0	-0.0384447475	0.00331109656972
49.5	-0.0384625945	0.00330555737643
50.0	-0.038479011	0.00330062667627
