0.0	0.0	0.0
0.5	-0.0010239359	2.67244925029e-05
1.0	-0.0011099379	6.30933098028e-06
1.5	-0.0011583136	7.13083722011e-06
2.0	-0.00127176615	1.74191297779e-05
2.5	-0.00142152835	3.23955819232e-05
3.0	-0.0015456741	5.43400204094e-05
3.5	-0.0015927565	8.2274620232e-05
4.0	-0.0015333652	0.000112882149203
4.5	-0.001362192945	0.000141684369073
5.0	-0.001095967805	0.000164239876145
5.5	-0.000767269625	0.00017734416177
6.0	-0.00041459235464	0.000180051893182
6.5	-7.0791226795e-05	0.000174082239031
7.0	0.00024617562071	0.000163200776331
7.5	0.000536643587	0.000151901040415
8.0	0.00081589785	0.000143611503808
8.5	0.00110588661	0.000139383121033
9.0	0.00142654255	0.00013801112234
9.5	0.0017904422	0.000137022894167
10.0	0.0022016685	0.000133736447898
10.5	0.0026575939	0.000125925942181
11.0	0.00315169025	0.00011207333026
11.5	0.00367592685	9.14327555555e-05
12.0	0.00422226775	6.44248300293e-05
12.5	0.0047832294	3.63643470794e-05
13.0	0.00535190405	4.0817253983e-05
13.5	0.00592178	8.49211737017e-05
14.0	0.00648658025	0.000141474835499
14.5	0.00704023145	0.000204711004329
15.0	0.00757696475	0.000272465885758
15.5	0.0080915033	0.000343027844045
16.0	0.0085792893	0.000414742982287
16.5	0.0090367056	0.000485992626657
17.0	0.0094612376	0.000555230237897
17.5	0.00985156145	0.000621065258009
18.0	0.0102074628	0.000682241774297
18.5	0.0105298241	0.000737803948609
19.0	0.0108204009	0.000787159168077
19.5	0.01108159985	0.00083004746151
20.0	0.0113162281	0.000866625611072
20.5	0.01152728055	0.000897448215568
21.0	0.0117176253	0.000923321978032
21.5	0.0118899552	0.000945264059384
22.0	0.0120464786	0.000964310597238
22.5	0.0121890194	0.00098146797933
23.0	0.0123190059	0.000997541797322
23.5	0.0124374743	0.00101309823848
24.0	0.01254519245	0.00102845042184
24.5	0.01264281805	0.0010437398255
25.0	0.0127309102	0.00105885920708
25.5	0.0128100008	0.00107358055723
26.0	0.01288068395	0.00108764326897
26.5	0.0129436736	0.00110075916473
27.0	0.01299967475	0.00111265341694
27.5	0.0130494751	0.00112315962024
28.0	0.0130939326	0.00113216065016
28.5	0.0131338323	0.00113969731888
29.0	0.0131699797	0.00114588895819
29.5	0.0132029964	0.00115097486022
30.0	0.0132334397	0.00115522685943
30.5	0.0132617811	0.00115895109892
31.0	0.0132882287	0.00116243017532
31.5	0.0133130119	0.00116587912976
32.0	0.01333615845	0.00116949058165
32.5	0.01335770015	0.00117328669783
33.0	0.0133776114	0.00117726576392
33.5	0.01339585675	0.00118135385594
34.0	0.01341243375	0.00118544477843
34.5	0.0134274104	0.00118939565219
35.0	0.01344083685	0.00119308473438
35.5	0.01345288395	0.00119636958524
36.0	0.01346367225	0.00119923587855
36.5	0.0134733767	0.00120160929378
37.0	0.0134821935	0.00120353354964
37.5	0.0134903055	0.00120507720654
38.0	0.01349787405	0.00120631061019
38.5	0.01350497625	0.00120732906923
39.0	0.01351173435	0.0012082437481
39.5	0.01351817485	0.00120914303763
40.0	0.0135243048	0.00121010872679
40.5	0.0135301466	0.00121114720147
41.0	0.0135356571	0.00121228727725
41.5	0.01354081215	0.00121352913076
42.0	0.0135456067	0.00121480496012
42.5	0.01355001185	0.00121606302726
43.0	0.013554042	0.00121728469851
43.5	0.01355773345	0.00121840782364
44.0	0.0135610688	0.00121940783287
44.5	0.0135641423	0.00122025959185
45.0	0.01356695235	0.00122098006832
45.5	0.0135695956	0.00122154040053
46.0	0.01357205305	0.00122200408004
46.5	0.0135744127	0.0012224063256
47.0	0.0135766588	0.00122275846265
47.5	0.0135788455	0.00122309568049
48.0	0.01358095045	0.00122344757558
48.5	0.01358297695	0.0012238335083
49.0	0.0135849347	0.0012242524382
49.5	0.0135867767	0.00122470793429
50.0	0.01358852775	0.00122518315011
