0.0	0.0	0.0
0.5	0.000840313665	6.11812213996e-05
1.0	0.00288054785	0.000195495977309
1.5	0.00587998425	0.000391078529179
2.0	0.0100605005	0.000655576902207
2.5	0.015612732	0.000998599720547
3.0	0.0226363435	0.00142787030374
3.5	0.0312711065	0.00195329588326
4.0	0.0417444565	0.0026001904981
4.5	0.054555258	0.0035852924908
5.0	0.071791506	0.00569327030452
5.5	0.0975398865	0.00837082404254
6.0	0.12964094	0.00839842709114
6.5	0.15712338	0.00517738025538
7.0	0.172024385	0.00139864399483
7.5	0.17402971	0.00276604150524
8.0	0.166881285	0.00471290177283
8.5	0.15489184	0.00563217312424
9.0	0.141361845	0.00587945960685
9.5	0.128238065	0.00579489951043
10.0	0.116374862	0.00557652217755
10.5	0.1059689845	0.00530033079039
11.0	0.096920704	0.00497942277779
11.5	0.0890465435	0.00460946581109
12.0	0.0821725945	0.00419097048604
12.5	0.0761584725	0.00373465249292
13.0	0.0708936105	0.00325809845379
13.5	0.06628614	0.00278378546213
14.0	0.062254211	0.00233161439014
14.5	0.0587222185	0.00192176004813
15.0	0.055614751	0.00156978087483
15.5	0.052861541	0.00128427850599
16.0	0.0503985375	0.00107020175551
16.5	0.0481675995	0.000925396713112
17.0	0.046117982	0.000839750455248
17.5	0.044210558	0.000796700301444
18.0	0.042419029	0.000778080013503
18.5	0.0407285055	0.000766448245759
19.0	0.0391341805	0.00074719976289
19.5	0.0376392225	0.000709831059521
20.0	0.036251661	0.000648603426048
20.5	0.034982549	0.000563961316743
21.0	0.033843246	0.000466480104965
21.5	0.032842057	0.000382723561351
22.0	0.031981905	0.000356194447201
22.5	0.031259322	0.000409223662951
23.0	0.0306642955	0.000509748899116
23.5	0.0301811135	0.000617570252786
24.0	0.0297899545	0.000709320158302
24.5	0.0294689485	0.000774096842009
25.0	0.0291963605	0.00080878091522
25.5	0.0289526655	0.000815761608628
26.0	0.0287220505	0.000801465011733
26.5	0.028493511	0.000774943746206
27.0	0.028261133	0.000746558319874
27.5	0.02802383	0.000726283632652
28.0	0.027784482	0.000721845299905
28.5	0.027548934	0.000737193411329
29.0	0.027324343	0.000771992186048
29.5	0.0271180575	0.000822594831203
30.0	0.0269361765	0.000883548406847
30.5	0.026782735	0.000948797278618
31.0	0.026659333	0.00101247634011
31.5	0.026564782	0.00106953647278
32.0	0.026495735	0.0011160543425
32.5	0.0264470815	0.00114962951505
33.0	0.026412807	0.00116954547242
33.5	0.0263868895	0.00117682288401
34.0	0.0263639475	0.00117390221311
34.5	0.026339848	0.00116430341798
35.0	0.02631199	0.00115202290484
35.5	0.0262794225	0.00114094957512
36.0	0.026242651	0.00113424991807
36.5	0.0262032915	0.0011339979935
37.0	0.0261637155	0.00114086482277
37.5	0.0261264705	0.00115427869199
38.0	0.0260939425	0.00117262231035
38.5	0.026067977	0.00119370118653
39.0	0.0260495765	0.00121514700274
39.5	0.026038927	0.00123475865137
40.0	0.0260354145	0.00125083064575
40.5	0.0260378005	0.00126219996715
41.0	0.0260443595	0.00126849082131
41.5	0.0260533285	0.00126994016497
42.0	0.02606295	0.00126738499512
42.5	0.02607184	0.0012620449858
43.0	0.026079066	0.00125536720008
43.5	0.026084092	0.00124876942831
44.0	0.0260869945	0.00124343559645
44.5	0.026088178	0.0012402045553
45.0	0.0260882945	0.00123941094215
45.5	0.0260881475	0.00124101529774
46.0	0.0260885735	0.00124456341688
46.5	0.0260901665	0.00124936323462
47.0	0.0260934565	0.00125461003634
47.5	0.026098566	0.00125949418992
48.0	0.026105455	0.00126337443874
48.5	0.0261138525	0.00126577004612
49.0	0.0261233165	0.00126650820481
49.5	0.0261333355	0.00126557907898
50.0	0.0261433945	0.00126323426223
