0.0	0.0	0.0
0.5	-0.038050038	0.00230511963829
1.0	-0.038058234	0.00225901829211
1.5	-0.038525659	0.00228264357852
2.0	-0.038845263	0.00229899923675
2.5	-0.039025685	0.00231125680481
3.0	-0.0391222295	0.00232320020929
3.5	-0.0391731075	0.00233637905411
4.0	-0.039202119	0.00235126745441
4.5	-0.0392244815	0.0023678862448
5.0	-0.0392506305	0.00238611718878
5.5	-0.0392881145	0.00240577636811
6.0	-0.0393428295	0.00242668734846
6.5	-0.0394194435	0.00244876037261
7.0	-0.0395216815	0.00247185905214
7.5	-0.0396524815	0.00249586717157
8.0	-0.0398138795	0.00252066374093
8.5	-0.040007102	0.00254608720837
9.0	-0.040232677	0.00257195552572
9.5	-0.0404902505	0.00259803773506
10.0	-0.0407783225	0.00262412702376
10.5	-0.0410952185	0.00265054754266
11.0	-0.0414402435	0.00267789911125
11.5	-0.0418137825	0.00270665106768
12.0	-0.0422170055	0.00273667258526
12.5	-0.042651393	0.00276673078563
13.0	-0.043117374	0.00279416664584
13.5	-0.043613183	0.00281514883976
14.0	-0.0441339935	0.00282554941865
14.5	-0.0446717785	0.00282202939432
15.0	-0.045216067	0.0028030006491
15.5	-0.045755401	0.00276906836066
16.0	-0.0462789455	0.00272285110878
16.5	-0.046777958	0.00266819639949
17.0	-0.0472463235	0.00260944748883
17.5	-0.047680767	0.00255046189065
18.0	-0.048080533	0.00249414867294
18.5	-0.048446681	0.00244241115301
19.0	-0.048781214	0.00239600795872
19.5	-0.0490868275	0.00235495340857
20.0	-0.049366136	0.00231865184767
20.5	-0.049621588	0.00228633927992
21.0	-0.04985522	0.00225713607504
21.5	-0.050068768	0.00223016532568
22.0	-0.050263693	0.00220474137236
22.5	-0.0504412385	0.00218046837693
23.0	-0.050602439	0.00215719096134
23.5	-0.0507483475	0.00213490270025
24.0	-0.0508800485	0.00211375278653
24.5	-0.0509986855	0.00209399478597
25.0	-0.05110548	0.00207580782388
25.5	-0.0512017445	0.00205933138691
26.0	-0.05128879	0.0020446838785
26.5	-0.051367814	0.00203174954301
27.0	-0.051440012	0.00202040088911
27.5	-0.051506351	0.00201039005839
28.0	-0.0515676755	0.00200140509952
28.5	-0.051624599	0.00199312514337
29.0	-0.051677611	0.0019853067335
29.5	-0.05172702	0.00197771752075
30.0	-0.051773007	0.00197023065258
30.5	-0.051815712	0.00196277542927
31.0	-0.0518552145	0.00195531810172
31.5	-0.051891593	0.00194798112198
32.0	-0.05192501	0.00194085218693
32.5	-0.051955549	0.00193403131287
33.0	-0.0519834165	0.00192764639401
33.5	-0.052008844	0.00192179326629
34.0	-0.052032089	0.00191650902907
34.5	-0.0520534175	0.00191180470232
35.0	-0.0520730955	0.00190766941048
35.5	-0.0520913685	0.00190398940584
36.0	-0.0521084325	0.00190069684371
36.5	-0.0521244415	0.00189768472335
37.0	-0.052139531	0.00189484391224
37.5	-0.0521537855	0.00189211669283
38.0	-0.0521672285	0.00188941992318
38.5	-0.052179891	0.00188672266253
39.0	-0.052191769	0.00188403678598
39.5	-0.0522028885	0.00188135943661
40.0	-0.052213246	0.00187874349048
40.5	-0.052222854	0.00187620849264
41.0	-0.0522317785	0.00187381374032
41.5	-0.052240025	0.00187159421345
42.0	-0.0522476625	0.00186954600819
42.5	-0.0522548015	0.00186770455379
43.0	-0.0522614535	0.00186604324911
43.5	-0.052267708	0.00186454706903
44.0	-0.0522736245	0.00186319054554
44.5	-0.0522792185	0.00186195147128
45.0	-0.0522845635	0.00186076825941
45.5	-0.0522896635	0.0018596216738
46.0	-0.0522945315	0.00185849176803
46.5	-0.05229917	0.0018573728872
47.0	-0.0523035955	0.00185626478886
47.5	-0.0523077755	0.00185514636002
48.0	-0.052311741	0.00185405390263
48.5	-0.052315469	0.00185298408872
49.0	-0.0523189735	0.00185195919346
49.5	-0.052322274	0.00185098818299
50.0	-0.052325391	0.0018500669623
