0.0	0.0	0.0
0.5	0.1089799205	0.00647401342067
1.0	0.1110909595	0.00609843540197
1.5	0.110309254	0.00596467075136
2.0	0.109674371	0.00591761230126
2.5	0.109263416	0.00589347532553
3.0	0.1089870775	0.00587317330673
3.5	0.108780685	0.00585079289375
4.0	0.1086043975	0.00582512345407
4.5	0.1084341165	0.00579604199962
5.0	0.1082533425	0.00576356587808
5.5	0.1080511965	0.00572847626023
6.0	0.107819856	0.00569121285651
6.5	0.107552717	0.00565235599189
7.0	0.1072450605	0.00561234996012
7.5	0.106893318	0.00557190345483
8.0	0.10649477	0.00553150040129
8.5	0.106048598	0.00549151911865
9.0	0.105553839	0.0054528316981
9.5	0.1050117055	0.00541574487158
10.0	0.1044248565	0.00538095611767
10.5	0.10379691	0.00534839116959
11.0	0.103130733	0.00531752759594
11.5	0.1024267735	0.00528661214354
12.0	0.1016840085	0.00525511499772
12.5	0.1008994275	0.00522319531459
13.0	0.100069368	0.00519327199409
13.5	0.0991920075	0.00517034711466
14.0	0.098269355	0.00516079120038
14.5	0.0973084755	0.00517130050334
15.0	0.096321592	0.00520643230564
15.5	0.095324245	0.00526723325362
16.0	0.094333948	0.00535182368185
16.5	0.093366567	0.00545493056264
17.0	0.092435292	0.00557037251975
17.5	0.0915493535	0.00569123779976
18.0	0.090714293	0.00581229314617
18.5	0.089932114	0.00592939606831
19.0	0.089202859	0.00604012736624
19.5	0.0885249665	0.00614329271076
20.0	0.087896202	0.00623881756108
20.5	0.0873142145	0.00632741333755
21.0	0.086776772	0.0064097413163
21.5	0.086281841	0.00648677083368
22.0	0.085827503	0.00655941532651
22.5	0.0854118965	0.00662823768797
23.0	0.085033187	0.00669350935928
23.5	0.0846894875	0.0067553068233
24.0	0.08437876	0.00681351511391
24.5	0.084098731	0.00686787767637
25.0	0.0838469475	0.00691810229539
25.5	0.083620753	0.00696387989605
26.0	0.083417414	0.00700508266269
26.5	0.0832343095	0.00704188100203
27.0	0.0830688005	0.00707447231177
27.5	0.082918539	0.00710330659748
28.0	0.08278142	0.00712889354067
28.5	0.082655718	0.00715194676111
29.0	0.0825399395	0.00717288622803
29.5	0.0824330865	0.0071924779181
30.0	0.082334243	0.00721099046253
30.5	0.082242844	0.00722872571726
31.0	0.082158472	0.00724597765925
31.5	0.0820807465	0.00726272793548
32.0	0.0820093365	0.00727891742278
32.5	0.0819439275	0.00729437663481
33.0	0.081884197	0.00730903641405
33.5	0.081829652	0.0073226862321
34.0	0.081779894	0.00733520577937
34.5	0.0817344455	0.00734660116751
35.0	0.0816927745	0.00735688861093
35.5	0.081654392	0.00736600882862
36.0	0.081618894	0.00737425801117
36.5	0.081585876	0.00738168391198
37.0	0.0815550075	0.00738850422256
37.5	0.081526091	0.00739488651651
38.0	0.081498918	0.00740090858065
38.5	0.0814733915	0.00740676758196
39.0	0.0814494145	0.00741248920477
39.5	0.0814269685	0.00741812759893
40.0	0.0814060275	0.00742362468357
40.5	0.081386503	0.00742900524198
41.0	0.0813683765	0.00743408418082
41.5	0.0813515885	0.00743893142532
42.0	0.0813360075	0.00744344769554
42.5	0.081321556	0.00744759263581
43.0	0.081308117	0.00745138553791
43.5	0.0812955875	0.00745485728032
44.0	0.0812838195	0.00745799043943
44.5	0.0812727565	0.00746089919491
45.0	0.0812622285	0.00746348921255
45.5	0.0812523055	0.00746607311946
46.0	0.0812428345	0.00746842164403
46.5	0.0812338075	0.00747072045391
47.0	0.081225262	0.00747304908372
47.5	0.081217125	0.00747530162499
48.0	0.081209398	0.00747743793118
48.5	0.0812021105	0.00747962774427
49.0	0.081195251	0.0074817351693
49.5	0.081188793	0.00748375061515
50.0	0.08118268	0.00748565091962
