0.0	0.0	0.0
0.5	-0.00056541339	1.66923927043e-05
1.0	-0.00063950063	8.9968026783e-06
1.5	-0.000689904095	2.89984736466e-06
2.0	-0.00077155277	4.26693243247e-06
2.5	-0.000873955945	1.23867763733e-05
3.0	-0.00096598384	2.47288489631e-05
3.5	-0.001018615835	4.12593564959e-05
4.0	-0.00101232283	6.05910826157e-05
4.5	-0.000939731095	8.03196781461e-05
5.0	-0.000806005585	9.76277066422e-05
5.5	-0.000626765415	0.000110055907061
6.0	-0.0004233028395	0.000116276249989
6.5	-0.000216071642645	0.000116584664263
7.0	-1.8650678277e-05	0.000112731276987
7.5	0.00016545537038	0.000107316452881
8.0	0.000342193471	0.000102687175703
8.5	0.000522884185	9.99445874008e-05
9.0	0.00071912656	9.87469061971e-05
9.5	0.000939083465	9.77932377331e-05
10.0	0.001186177555	9.54964540868e-05
10.5	0.00145971525	9.04341041092e-05
11.0	0.00175638705	8.15721122201e-05
11.5	0.00207168415	6.83139190762e-05
12.0	0.00240087575	5.0663283955e-05
12.5	0.0027394299	3.03941429877e-05
13.0	0.00308310365	2.20553363295e-05
13.5	0.00342787615	4.59081755951e-05
14.0	0.00376989655	8.15281998868e-05
14.5	0.004105453	0.000121897411582
15.0	0.00443105865	0.000165203930687
15.5	0.00474353895	0.000210249576171
16.0	0.00504016165	0.000255964167281
16.5	0.00531875525	0.000301342970592
17.0	0.005577797	0.000345450634232
17.5	0.0058164481	0.000387456618038
18.0	0.00603454385	0.000426642959557
18.5	0.00623253085	0.000462446962602
19.0	0.0064113894	0.000494502534843
19.5	0.0065724904	0.000522658403445
20.0	0.00671746175	0.000546985331036
20.5	0.00684803565	0.000567760690375
21.0	0.0069659209	0.000585436528223
21.5	0.00707270835	0.000600580612042
22.0	0.00716976965	0.000613800903476
22.5	0.00725823205	0.00062567764856
23.0	0.00733897775	0.000636701551775
23.5	0.00741268105	0.000647232758556
24.0	0.0074798507	0.000657500093548
24.5	0.0075408915	0.000667595513161
25.0	0.0075961516	0.000677511375845
25.5	0.00764596505	0.000687154977713
26.0	0.00769068535	0.000696383870195
26.5	0.00773069635	0.000705040927206
27.0	0.0077664249	0.000712978693622
27.5	0.0077983269	0.000720084065097
28.0	0.0078268757	0.00072629677433
28.5	0.0078525478	0.000731615336003
29.0	0.007875789	0.000736102122974
29.5	0.0078970035	0.000739875749691
30.0	0.0079165315	0.000743087726869
30.5	0.00793463895	0.000745910462621
31.0	0.0079515151	0.0007485076838
31.5	0.0079672792	0.00075101487667
32.0	0.00798199545	0.00075353540885
32.5	0.0079956887	0.000756118153812
33.0	0.0080083563	0.000758773637765
33.5	0.00801999805	0.000761468593319
34.0	0.0080306164	0.000764145223889
34.5	0.0080402429	0.000766732464283
35.0	0.00804892035	0.000769161597489
35.5	0.0080567253	0.000771370382867
36.0	0.00806374515	0.000773312534202
36.5	0.00807008535	0.000774972540397
37.0	0.00807585205	0.000776360891823
37.5	0.0080811514	0.000777501294886
38.0	0.00808606965	0.000778444739227
38.5	0.0080906857	0.000779242147286
39.0	0.00809504915	0.000779956821357
39.5	0.00809919535	0.000780638312492
40.0	0.0081031405	0.000781332210914
40.5	0.00810688505	0.000782059636325
41.0	0.00811042265	0.000782831394202
41.5	0.0081137389	0.000783640705633
42.0	0.008116829	0.000784475332201
42.5	0.0081196832	0.00078530806818
43.0	0.00812230375	0.000786107383702
43.5	0.00812470375	0.000786855059031
44.0	0.00812689825	0.000787529131771
44.5	0.00812891205	0.000788120781742
45.0	0.00813076945	0.000788625452033
45.5	0.0081324969	0.00078904858033
46.0	0.00813411945	0.000789400112088
46.5	0.00813566165	0.000789705233509
47.0	0.00813713425	0.000789975047992
47.5	0.00813854975	0.000790232030698
48.0	0.0081399159	0.000790490737821
48.5	0.00814122845	0.000790761752761
49.0	0.00814248775	0.000791045831099
49.5	0.00814368935	0.000791352940311
50.0	0.0081448241	0.000791663918635
