979.27	0.0093938
985.56	0.0094509
1002.4	0.0096032
1016.7	0.0097312
1029.3	0.0098439
1044.8	0.0099809
1046.8	0.0099986
1048.1	0.01001
1052.5	0.010049
1067.0	0.010176
1085.3	0.010335
1091.0	0.010384
1093.8	0.010408
1102.3	0.010482
1105.2	0.010507
1109.3	0.010542
1113.7	0.010579
1120.1	0.010634
1120.9	0.010641
1125.6	0.010681
1128.1	0.010702
1131.0	0.010726
1132.3	0.010737
1138.8	0.010792
1144.6	0.010842
1146.4	0.010856
1148.0	0.01087
1148.6	0.010875
1148.7	0.010876
1149.0	0.010879
1149.5	0.010883
1151.0	0.010895
1151.7	0.010901
1154.3	0.010923
1155.6	0.010934
1156.2	0.010939
1157.7	0.010951
1158.4	0.010957
1159.1	0.010963
1162.4	0.010991
1162.9	0.010995
1164.4	0.011008
1169.5	0.01105
1170.2	0.011056
1170.3	0.011056
1170.8	0.011061
1172.4	0.011074
1176.6	0.011109
1178.3	0.011123
1178.4	0.011124
1178.6	0.011126
1182.5	0.011158
1183.2	0.011164
1185.8	0.011186
1186.2	0.011189
1187.4	0.011199
1187.9	0.011203
1189.7	0.011218
1189.8	0.011219
1190.8	0.011227
1191.6	0.011233
1192.8	0.011243
1194.5	0.011257
1195.3	0.011264
1195.9	0.011269
1196.7	0.011276
1198.2	0.011288
1198.3	0.011288
1199.0	0.011294
1202.0	0.011319
1202.7	0.011325
1203.1	0.011328
1204.7	0.011341
1204.8	0.011342
1206.5	0.011356
1207.6	0.011365
1208.1	0.011369
1208.7	0.011374
1209.2	0.011378
1209.9	0.011384
1210.5	0.011389
1211.2	0.011394
1211.7	0.011398
1214.6	0.011422
1215.5	0.01143
1217.3	0.011444
1218.3	0.011452
1219.8	0.011465
1220.4	0.011469
1221.2	0.011476
1221.3	0.011477
1221.6	0.011479
1222.7	0.011488
1222.9	0.01149
1223.0	0.011491
1223.5	0.011495
1224.9	0.011506
1225.1	0.011508
1225.5	0.011511
1225.8	0.011513
1226.3	0.011518
1228.5	0.011536
1230.5	0.011551
1231.0	0.011555
1231.5	0.01156
1232.4	0.011567
1233.1	0.011573
1234.2	0.011582
1234.9	0.011587
1236.4	0.0116
1236.7	0.011602
1236.9	0.011603
1237.1	0.011605
1237.6	0.011609
1237.8	0.011611
1238.2	0.011614
1239.8	0.011627
1240.3	0.011631
1240.7	0.011634
1243.7	0.011659
1244.2	0.011662
1244.3	0.011663
1244.7	0.011666
1244.8	0.011667
1245.1	0.01167
1245.4	0.011673
1245.7	0.011674
1246.0	0.011677
1246.8	0.011683
1247.7	0.011691
1248.1	0.011694
1248.4	0.011697
1248.9	0.0117
1249.2	0.011703
1249.3	0.011703
1249.4	0.011704
1249.6	0.011706
1250.6	0.011714
1251.3	0.01172
1252.4	0.011728
1252.7	0.011731
1254.3	0.011744
1255.1	0.01175
1255.2	0.011751
1258.2	0.011775
1258.9	0.011781
1259.1	0.011782
1259.4	0.011785
1259.6	0.011786
1260.3	0.011792
1260.5	0.011793
1262.9	0.011812
1263.6	0.011818
1264.8	0.011828
1265.2	0.011831
1265.6	0.011834
1265.7	0.011835
1266.0	0.011838
1267.2	0.011847
1267.4	0.011849
1267.5	0.011849
1268.2	0.011855
1268.4	0.011857
1268.7	0.011859
1269.3	0.011863
1270.5	0.011874
1270.6	0.011874
1270.9	0.011877
1271.1	0.011878
1271.2	0.011879
1271.6	0.011882
1271.9	0.011885
1272.0	0.011885
1272.3	0.011888
1272.4	0.011888
1273.0	0.011893
1273.2	0.011895
1273.3	0.011896
1273.6	0.011898
1273.7	0.011899
1274.7	0.011907
1275.3	0.011912
1276.5	0.011921
1276.8	0.011924
1277.7	0.011931
1278.2	0.011935
1278.6	0.011938
1278.9	0.01194
1279.2	0.011942
1279.6	0.011945
1279.9	0.011948
1280.7	0.011954
1281.6	0.011962
1281.8	0.011963
1282.4	0.011968
1282.6	0.01197
1282.9	0.011972
1284.3	0.011983
1284.4	0.011984
1284.7	0.011986
1285.3	0.011991
1286.7	0.012002
1287.2	0.012006
1287.4	0.012008
1288.0	0.012013
1288.3	0.012015
1288.4	0.012016
1288.5	0.012016
1290.8	0.012035
1291.5	0.01204
1291.7	0.012041
1291.9	0.012043
1292.5	0.012048
1292.6	0.012048
1293.2	0.012054
1293.3	0.012054
1293.8	0.012059
1294.2	0.012062
1294.6	0.012064
1295.9	0.012075
1296.1	0.012076
1296.3	0.012078
1298.2	0.012093
1298.3	0.012094
1298.9	0.012099
1299.2	0.012101
1299.8	0.012105
1300.0	0.012107
1300.3	0.01211
1300.9	0.012115
1302.3	0.012125
1302.4	0.012126
1302.6	0.012127
1303.3	0.012133
1305.0	0.012146
1305.6	0.012152
1306.6	0.012159
1306.8	0.01216
1307.5	0.012166
1309.9	0.012185
1310.7	0.012191
1310.9	0.012193
1311.0	0.012194
1311.3	0.012196
1311.9	0.012201
1312.0	0.012201
1312.5	0.012205
1312.6	0.012206
1313.5	0.012213
1314.4	0.01222
1314.9	0.012224
1315.2	0.012227
1315.6	0.01223
1315.8	0.012231
1316.1	0.012233
1316.2	0.012234
1317.1	0.012241
1317.5	0.012244
1318.1	0.012249
1318.7	0.012254
1319.0	0.012256
1319.1	0.012257
1319.6	0.012261
1319.7	0.012262
1320.4	0.012267
1320.7	0.01227
1320.9	0.012271
1321.5	0.012276
1321.6	0.012276
1321.8	0.012278
1322.7	0.012285
1322.9	0.012287
1323.2	0.012289
1324.1	0.012296
1324.4	0.012298
1325.2	0.012304
1325.3	0.012305
1325.4	0.012306
1325.5	0.012307
1325.7	0.012308
1325.9	0.01231
1326.0	0.01231
1326.3	0.012313
1327.2	0.01232
1327.5	0.012322
1329.0	0.012334
1329.7	0.012339
1330.4	0.012345
1331.2	0.012352
1331.6	0.012354
1332.5	0.012361
1333.5	0.012369
1333.7	0.01237
1334.1	0.012374
1334.2	0.012374
1335.4	0.012384
1335.8	0.012387
1335.9	0.012387
1336.1	0.012389
1336.2	0.01239
1337.0	0.012396
1337.2	0.012398
1337.8	0.012402
1337.9	0.012403
1338.2	0.012405
1338.9	0.012411
1339.6	0.012416
1339.8	0.012418
1340.1	0.01242
1340.6	0.012424
1340.8	0.012426
1341.0	0.012427
1341.8	0.012433
1342.2	0.012436
1342.3	0.012437
1342.5	0.012439
1343.3	0.012445
1343.4	0.012446
1343.5	0.012447
1343.6	0.012448
1343.8	0.012449
1344.1	0.012451
1344.3	0.012453
1344.4	0.012454
1345.2	0.01246
1345.4	0.012462
1345.6	0.012463
1346.5	0.012469
1346.6	0.01247
1346.8	0.012472
1346.9	0.012473
1347.0	0.012473
1347.4	0.012477
1347.6	0.012478
1347.8	0.01248
1348.2	0.012483
1348.3	0.012484
1348.6	0.012486
1348.8	0.012487
1349.4	0.012492
1349.7	0.012495
1350.3	0.012499
1350.4	0.0125
1350.8	0.012503
1351.0	0.012505
1351.1	0.012505
1351.5	0.012508
1351.6	0.012509
1352.2	0.012514
1352.3	0.012514
1352.9	0.012519
1353.0	0.01252
1353.4	0.012523
1353.8	0.012526
1353.9	0.012527
1354.0	0.012527
1354.1	0.012528
1354.3	0.01253
1354.5	0.012532
1354.6	0.012532
1355.0	0.012535
1355.1	0.012536
1355.5	0.012539
1356.1	0.012544
1356.2	0.012545
1356.4	0.012546
1356.7	0.012548
1357.0	0.01255
1357.5	0.012555
1357.7	0.012556
1358.2	0.01256
1358.3	0.012561
1358.4	0.012561
1358.5	0.012562
1359.1	0.012567
1359.8	0.012572
1359.9	0.012573
1360.4	0.012577
1360.6	0.012578
1360.8	0.01258
1360.9	0.012581
1361.1	0.012582
1362.4	0.012592
1363.7	0.012602
1364.3	0.012607
1364.5	0.012608
1364.9	0.012612
1365.1	0.012613
1365.5	0.012616
1365.6	0.012617
1365.9	0.012619
1366.0	0.01262
1366.3	0.012622
1366.8	0.012626
1367.3	0.01263
1367.5	0.012631
1368.0	0.012635
1368.9	0.012642
1369.1	0.012643
1369.5	0.012646
1369.7	0.012648
1370.1	0.012651
1371.7	0.012663
1371.9	0.012665
1372.1	0.012667
1372.2	0.012667
1372.6	0.01267
1372.8	0.012672
1372.9	0.012672
1373.0	0.012674
1374.3	0.012683
1375.0	0.012688
1375.2	0.01269
1375.3	0.012691
1376.4	0.0127
1377.0	0.012704
1377.1	0.012705
1377.4	0.012707
1377.7	0.012709
1377.9	0.012711
1378.2	0.012713
1378.3	0.012713
1378.5	0.012715
1378.6	0.012716
1378.7	0.012716
1378.8	0.012718
1379.3	0.012721
1380.1	0.012727
1380.7	0.012732
1381.2	0.012736
1381.6	0.012739
1381.9	0.012741
1382.4	0.012745
1382.5	0.012746
1382.9	0.012749
1383.0	0.012749
1383.3	0.012752
1383.4	0.012753
1383.5	0.012753
1383.6	0.012754
1383.8	0.012755
1384.4	0.01276
1384.7	0.012763
1384.8	0.012763
1385.1	0.012766
1385.4	0.012768
1385.9	0.012772
1386.2	0.012774
1386.5	0.012776
1386.6	0.012777
1386.7	0.012778
1387.3	0.012783
1387.7	0.012785
1388.1	0.012788
1388.7	0.012793
1390.0	0.012803
1390.2	0.012805
1390.4	0.012806
1390.7	0.012808
1390.9	0.01281
1391.1	0.012811
1391.4	0.012813
1391.7	0.012816
1391.8	0.012816
1391.9	0.012817
1392.0	0.012818
1393.1	0.012827
1393.5	0.012829
1393.9	0.012832
1394.3	0.012835
1395.1	0.012842
1396.2	0.012849
1396.9	0.012855
1397.1	0.012856
1397.4	0.012859
1398.0	0.012863
1398.1	0.012864
1398.5	0.012867
1398.7	0.012869
1399.7	0.012876
1399.8	0.012877
1399.9	0.012878
1400.1	0.012879
1400.4	0.012882
1401.2	0.012887
1401.5	0.01289
1401.6	0.012891
1401.7	0.012892
1401.8	0.012892
1401.9	0.012893
1402.1	0.012894
1402.6	0.012898
1402.9	0.0129
1403.0	0.012901
1403.3	0.012904
1403.5	0.012905
1404.0	0.012908
1404.1	0.012909
1404.4	0.012912
1404.6	0.012913
1405.2	0.012918
1405.4	0.012919
1405.9	0.012923
1406.2	0.012925
1406.8	0.01293
1406.9	0.01293
1407.0	0.012931
1407.2	0.012933
1407.3	0.012934
1407.8	0.012938
1408.3	0.012941
1408.9	0.012946
1409.3	0.012948
1409.4	0.01295
1409.6	0.012951
1410.2	0.012956
1410.4	0.012956
1410.6	0.012958
1410.7	0.012959
1410.9	0.01296
1411.4	0.012964
1411.9	0.012968
1412.1	0.012969
1413.2	0.012978
1413.3	0.012978
1413.5	0.01298
1413.7	0.012981
1413.8	0.012982
1413.9	0.012983
1414.0	0.012984
1414.4	0.012987
1414.5	0.012988
1414.6	0.012988
1414.9	0.012991
1415.4	0.012995
1415.6	0.012996
1415.7	0.012997
1416.4	0.013002
1416.8	0.013005
1417.2	0.013008
1417.5	0.01301
1418.2	0.013015
1418.5	0.013017
1418.6	0.013019
1419.4	0.013025
1419.6	0.013026
1419.8	0.013027
1420.1	0.01303
1420.3	0.013031
1420.4	0.013032
1420.9	0.013036
1421.6	0.013041
1421.7	0.013041
1421.8	0.013042
1421.9	0.013043
1422.3	0.013046
1422.5	0.013047
1422.6	0.013049
1422.7	0.013049
1423.3	0.013054
1423.6	0.013056
1423.7	0.013056
1424.4	0.013062
1424.5	0.013063
1424.6	0.013064
1425.0	0.013066
1425.1	0.013067
1425.4	0.013069
1425.5	0.01307
1425.8	0.013072
1426.5	0.013078
1426.9	0.013081
1427.0	0.013082
1427.1	0.013082
1427.3	0.013083
1427.7	0.013086
1428.0	0.013088
1428.2	0.013091
1428.5	0.013093
1428.8	0.013095
1428.9	0.013096
1429.2	0.013097
1429.5	0.0131
1430.0	0.013104
1430.1	0.013104
1430.4	0.013107
1430.5	0.013107
1430.7	0.013109
1430.8	0.01311
1431.1	0.013112
1431.4	0.013114
1431.7	0.013116
1431.8	0.013117
1431.9	0.013118
1432.0	0.013119
1432.3	0.013121
1433.0	0.013126
1433.3	0.013128
1433.7	0.013131
1433.8	0.013132
1433.9	0.013133
1434.0	0.013134
1434.2	0.013135
1434.4	0.013136
1434.5	0.013137
1434.7	0.013139
1435.0	0.013141
1435.2	0.013143
1435.6	0.013145
1436.1	0.013149
1436.9	0.013155
1437.2	0.013157
1437.3	0.013158
1437.5	0.013159
1438.1	0.013164
1438.4	0.013166
1438.5	0.013167
1439.4	0.013174
1439.5	0.013175
1439.6	0.013176
1439.9	0.013178
1440.0	0.013178
1440.1	0.013179
1440.2	0.01318
1440.3	0.01318
1441.7	0.013191
1442.2	0.013195
1442.5	0.013197
1442.6	0.013197
1442.7	0.013198
1443.0	0.013201
1443.7	0.013206
1443.8	0.013207
1444.0	0.013208
1444.1	0.013209
1444.3	0.01321
1444.4	0.013211
1444.6	0.013213
1444.9	0.013215
1445.5	0.013219
1445.7	0.013221
1445.9	0.013222
1446.3	0.013225
1446.6	0.013227
1446.9	0.013229
1447.3	0.013233
1447.6	0.013235
1447.9	0.013237
1448.0	0.013237
1448.2	0.013239
1448.6	0.013242
1448.7	0.013243
1448.8	0.013244
1449.1	0.013245
1449.2	0.013246
1449.3	0.013248
1449.6	0.013249
1450.3	0.013255
1450.4	0.013255
1450.5	0.013256
1450.8	0.013258
1450.9	0.013259
1451.1	0.013261
1451.2	0.013262
1451.6	0.013264
1452.4	0.01327
1452.5	0.013271
1452.7	0.013273
1453.4	0.013277
1453.5	0.013278
1453.8	0.013281
1454.0	0.013282
1454.4	0.013285
1454.7	0.013287
1455.0	0.013289
1456.0	0.013297
1456.3	0.013299
1456.5	0.013301
1456.7	0.013302
1457.2	0.013306
1457.9	0.013311
1458.0	0.013312
1458.1	0.013312
1458.4	0.013314
1458.6	0.013316
1458.7	0.013317
1459.1	0.01332
1459.2	0.01332
1459.6	0.013323
1460.0	0.013326
1460.2	0.013328
1460.4	0.01333
1460.5	0.01333
1460.6	0.013331
1460.7	0.013332
1461.0	0.013334
1461.3	0.013336
1461.4	0.013336
1461.5	0.013337
1462.0	0.013341
1462.6	0.013346
1463.1	0.013349
1463.8	0.013355
1464.0	0.013356
1464.1	0.013357
1464.2	0.013358
1464.3	0.013358
1464.5	0.013359
1465.0	0.013364
1465.1	0.013364
1465.2	0.013365
1465.8	0.013369
1466.0	0.013371
1466.3	0.013373
1466.5	0.013374
1466.9	0.013377
1467.2	0.013379
1467.4	0.013381
1467.7	0.013383
1467.8	0.013384
1468.0	0.013385
1468.3	0.013387
1468.4	0.013388
1468.6	0.01339
1468.7	0.01339
1468.8	0.013391
1469.2	0.013394
1469.4	0.013395
1469.5	0.013396
1469.6	0.013397
1469.7	0.013397
1470.0	0.0134
1470.3	0.013402
1470.7	0.013405
1471.1	0.013408
1471.3	0.01341
1471.6	0.013412
1472.1	0.013415
1472.2	0.013416
1472.3	0.013417
1472.4	0.013418
1472.6	0.013419
1472.8	0.013421
1473.4	0.013425
1473.6	0.013426
1473.7	0.013427
1473.9	0.013429
1474.1	0.01343
1474.3	0.013431
1474.8	0.013436
1475.5	0.01344
1476.1	0.013444
1477.1	0.013452
1477.2	0.013453
1477.4	0.013454
1477.5	0.013455
1478.0	0.013458
1478.1	0.013459
1478.3	0.013461
1479.3	0.013468
1479.5	0.01347
1479.6	0.01347
1479.9	0.013473
1480.1	0.013474
1480.3	0.013475
1480.5	0.013477
1480.8	0.013479
1480.9	0.01348
1481.3	0.013483
1481.6	0.013485
1481.7	0.013486
1481.8	0.013486
1482.3	0.01349
1483.0	0.013495
1483.1	0.013496
1483.3	0.013497
1483.5	0.013499
1484.0	0.013502
1484.2	0.013504
1484.3	0.013505
1484.8	0.013508
1485.2	0.013511
1485.4	0.013513
1485.5	0.013514
1485.7	0.013515
1486.3	0.013519
1486.4	0.01352
1486.6	0.013522
1486.7	0.013523
1486.9	0.013524
1487.2	0.013526
1487.3	0.013527
1487.6	0.013529
1488.0	0.013532
1488.2	0.013533
1488.6	0.013536
1488.7	0.013537
1489.1	0.01354
1489.3	0.013541
1489.5	0.013543
1489.6	0.013544
1489.8	0.013545
1490.0	0.013546
1490.2	0.013548
1490.3	0.013549
1491.1	0.013555
1491.2	0.013555
1491.6	0.013558
1491.8	0.01356
1491.9	0.01356
1492.0	0.013561
1492.1	0.013561
1492.2	0.013562
1492.3	0.013563
1492.5	0.013565
1493.0	0.013568
1493.1	0.013569
1493.2	0.013569
1493.5	0.013572
1493.9	0.013575
1494.0	0.013575
1494.4	0.013579
1494.8	0.013581
1494.9	0.013582
1495.0	0.013583
1495.1	0.013584
1495.4	0.013586
1495.8	0.013589
1495.9	0.013589
1496.8	0.013596
1497.1	0.013598
1497.4	0.0136
1497.7	0.013602
1497.8	0.013603
1498.3	0.013607
1498.4	0.013607
1498.5	0.013608
1498.8	0.013611
1499.5	0.013615
1499.6	0.013616
1499.7	0.013617
1499.9	0.013618
1500.6	0.013624
1500.8	0.013625
1501.1	0.013628
1501.4	0.013629
1501.6	0.013631
1501.7	0.013632
1501.9	0.013633
1502.2	0.013635
1502.3	0.013636
1502.7	0.013639
1502.9	0.01364
1503.0	0.013641
1503.1	0.013642
1503.3	0.013643
1503.4	0.013644
1503.5	0.013645
1503.8	0.013647
1503.9	0.013648
1504.0	0.013649
1504.2	0.01365
1504.6	0.013653
1504.7	0.013653
1504.8	0.013654
1505.1	0.013656
1505.3	0.013658
1505.5	0.013659
1505.6	0.01366
1506.0	0.013663
1506.4	0.013666
1506.5	0.013666
1506.7	0.013667
1507.1	0.013671
1507.2	0.013672
1507.3	0.013672
1507.4	0.013673
1507.5	0.013674
1507.6	0.013674
1507.9	0.013677
1508.5	0.01368
1508.8	0.013683
1509.0	0.013685
1509.2	0.013686
1509.4	0.013688
1509.5	0.013688
1509.6	0.013688
1510.0	0.013692
1510.3	0.013694
1510.6	0.013696
1510.9	0.013698
1511.2	0.0137
1511.4	0.013702
1511.6	0.013703
1511.7	0.013704
1511.8	0.013705
1511.9	0.013705
1512.0	0.013706
1512.1	0.013707
1512.2	0.013708
1512.4	0.013709
1512.7	0.013711
1512.9	0.013713
1513.0	0.013713
1513.3	0.013716
1513.5	0.013717
1513.6	0.013718
1513.7	0.013719
1514.4	0.013723
1514.7	0.013725
1514.8	0.013726
1515.0	0.013728
1515.1	0.013729
1516.5	0.013739
1516.6	0.013739
1516.8	0.01374
1516.9	0.013741
1517.4	0.013745
1517.5	0.013746
1517.6	0.013746
1518.1	0.01375
1518.4	0.013753
1518.5	0.013753
1518.7	0.013755
1519.1	0.013758
1519.4	0.013759
1519.7	0.013762
1519.9	0.013763
1520.5	0.013768
1520.6	0.013768
1520.7	0.013769
1521.0	0.013771
1521.7	0.013776
1522.0	0.013778
1522.2	0.013779
1522.3	0.01378
1522.4	0.013781
1522.6	0.013783
1522.7	0.013783
1522.8	0.013784
1523.2	0.013787
1523.4	0.013788
1523.9	0.013792
1524.3	0.013795
1524.4	0.013796
1524.5	0.013797
1524.6	0.013797
1524.8	0.013799
1524.9	0.013799
1525.0	0.0138
1525.1	0.0138
1526.0	0.013807
1526.2	0.013809
1526.3	0.013809
1526.4	0.01381
1526.8	0.013813
1527.1	0.013815
1527.7	0.013819
1527.8	0.01382
1527.9	0.013821
1528.1	0.013822
1528.2	0.013823
1528.6	0.013826
1528.7	0.013827
1529.0	0.013829
1529.3	0.013831
1529.8	0.013835
1530.0	0.013836
1530.1	0.013836
1530.8	0.013842
1530.9	0.013843
1531.0	0.013843
1531.7	0.013848
1532.0	0.01385
1532.1	0.013851
1532.2	0.013852
1532.6	0.013855
1532.9	0.013857
1533.4	0.01386
1533.5	0.013861
1533.6	0.013861
1533.7	0.013862
1534.8	0.01387
1535.2	0.013873
1535.4	0.013875
1535.5	0.013875
1535.6	0.013876
1535.8	0.013878
1536.3	0.013881
1536.4	0.013881
1536.5	0.013883
1536.6	0.013883
1536.7	0.013884
1537.0	0.013886
1537.1	0.013887
1537.2	0.013888
1537.4	0.013889
1537.7	0.013891
1537.9	0.013893
1538.0	0.013893
1538.6	0.013898
1538.7	0.013898
1538.9	0.013899
1539.0	0.013901
1539.5	0.013904
1540.0	0.013907
1540.2	0.013909
1540.4	0.01391
1540.5	0.013911
1540.6	0.013912
1541.3	0.013917
1541.6	0.013919
1541.7	0.01392
1541.8	0.013921
1542.3	0.013924
1542.8	0.013928
1542.9	0.013928
1543.2	0.013931
1543.8	0.013934
1544.3	0.013938
1544.6	0.013941
1545.0	0.013943
1545.3	0.013945
1545.4	0.013946
1545.5	0.013947
1546.1	0.013951
1546.2	0.013952
1546.3	0.013953
1546.5	0.013954
1546.6	0.013955
1547.4	0.01396
1547.7	0.013963
1548.1	0.013965
1548.5	0.013968
1548.6	0.013969
1548.9	0.013971
1549.0	0.013972
1549.1	0.013973
1549.3	0.013974
1549.5	0.013975
1550.0	0.013979
1550.3	0.013981
1550.7	0.013984
1551.0	0.013986
1551.4	0.013989
1551.5	0.013989
1551.9	0.013993
1552.0	0.013993
1552.2	0.013995
1552.3	0.013995
1552.7	0.013998
1553.0	0.014
1553.1	0.014001
1553.6	0.014005
1553.7	0.014006
1553.8	0.014006
1554.2	0.014009
1554.5	0.014011
1554.6	0.014012
1554.9	0.014014
1555.3	0.014016
1555.4	0.014017
1555.5	0.014018
1555.7	0.014019
1555.8	0.01402
1556.1	0.014023
1556.6	0.014026
1557.2	0.01403
1558.0	0.014036
1558.1	0.014036
1559.1	0.014043
1559.2	0.014045
1559.3	0.014045
1561.4	0.01406
1561.9	0.014063
1562.1	0.014065
1562.3	0.014066
1562.7	0.014069
1563.1	0.014072
1563.2	0.014073
1563.4	0.014075
1563.5	0.014075
1563.6	0.014076
1563.7	0.014077
1564.2	0.01408
1564.4	0.014081
1564.8	0.014084
1565.3	0.014088
1565.9	0.014092
1566.2	0.014094
1566.3	0.014095
1566.5	0.014096
1567.1	0.0141
1567.7	0.014105
1567.9	0.014106
1568.1	0.014107
1568.2	0.014108
1568.6	0.014111
1568.7	0.014112
1568.8	0.014112
1569.0	0.014114
1569.1	0.014115
1569.3	0.014116
1569.4	0.014117
1570.0	0.014121
1570.3	0.014123
1570.8	0.014127
1572.0	0.014135
1572.1	0.014136
1572.2	0.014136
1572.4	0.014138
1572.6	0.01414
1573.2	0.014144
1573.4	0.014145
1573.6	0.014146
1573.7	0.014147
1574.1	0.01415
1574.7	0.014154
1574.8	0.014155
1574.9	0.014156
1575.1	0.014157
1575.2	0.014157
1575.4	0.014159
1575.6	0.014161
1575.7	0.014161
1576.0	0.014163
1576.2	0.014165
1576.3	0.014165
1576.9	0.01417
1577.5	0.014174
1577.6	0.014175
1577.8	0.014176
1577.9	0.014177
1578.1	0.014178
1578.2	0.014179
1578.3	0.01418
1578.5	0.014181
1578.7	0.014183
1578.8	0.014183
1579.6	0.014189
1579.7	0.014189
1580.1	0.014193
1580.2	0.014193
1580.3	0.014194
1580.6	0.014196
1580.7	0.014197
1581.1	0.0142
1581.2	0.0142
1581.7	0.014204
1582.2	0.014207
1582.5	0.014209
1582.6	0.01421
1582.9	0.014212
1583.1	0.014214
1583.2	0.014215
1583.5	0.014216
1583.6	0.014217
1583.9	0.014219
1584.2	0.014221
1584.3	0.014222
1584.4	0.014222
1584.5	0.014224
1584.8	0.014226
1585.0	0.014227
1585.4	0.01423
1585.5	0.014231
1585.8	0.014233
1587.2	0.014243
1587.3	0.014243
1587.7	0.014246
1589.1	0.014256
1589.2	0.014256
1590.3	0.014264
1590.4	0.014265
1591.7	0.014274
1591.8	0.014275
1591.9	0.014276
1592.3	0.014278
1592.6	0.014281
1592.7	0.014281
1592.9	0.014283
1593.7	0.014288
1593.8	0.014289
1594.1	0.014291
1594.8	0.014296
1595.0	0.014297
1595.2	0.014299
1595.4	0.0143
1595.9	0.014303
1596.0	0.014304
1596.1	0.014305
1596.2	0.014305
1596.4	0.014307
1596.5	0.014307
1596.6	0.014308
1596.7	0.014309
1596.8	0.01431
1597.3	0.014313
1597.4	0.014314
1597.6	0.014315
1597.9	0.014318
1598.3	0.01432
1598.4	0.014321
1598.5	0.014322
1598.6	0.014322
1598.9	0.014325
1599.0	0.014325
1599.1	0.014326
1599.4	0.014328
1599.7	0.01433
1600.2	0.014334
1600.4	0.014335
1601.3	0.014341
1601.6	0.014343
1602.1	0.014347
1602.2	0.014347
1602.4	0.014349
1602.8	0.014352
1603.0	0.014353
1604.0	0.01436
1604.6	0.014365
1604.8	0.014366
1605.7	0.014372
1605.9	0.014373
1606.0	0.014374
1606.2	0.014376
1606.5	0.014377
1606.6	0.014378
1606.7	0.014379
1606.9	0.014381
1607.2	0.014383
1607.3	0.014383
1607.5	0.014385
1608.1	0.014389
1608.2	0.014389
1609.2	0.014397
1609.5	0.014398
1609.6	0.014399
1609.7	0.0144
1610.1	0.014403
1610.5	0.014406
1610.9	0.014408
1611.9	0.014415
1612.0	0.014416
1612.1	0.014417
1612.3	0.014418
1612.4	0.014419
1612.7	0.014421
1613.2	0.014424
1613.4	0.014426
1613.5	0.014427
1613.6	0.014427
1614.3	0.014432
1614.6	0.014434
1614.9	0.014436
1615.1	0.014437
1615.2	0.014438
1615.8	0.014443
1616.1	0.014445
1616.4	0.014447
1616.6	0.014448
1616.8	0.01445
1617.4	0.014453
1617.8	0.014457
1618.0	0.014458
1618.3	0.01446
1619.1	0.014466
1619.2	0.014466
1619.4	0.014468
1620.0	0.014472
1620.3	0.014474
1620.4	0.014474
1621.1	0.01448
1621.3	0.014481
1622.1	0.014486
1622.2	0.014487
1622.4	0.014488
1623.0	0.014492
1623.2	0.014494
1624.2	0.014501
1624.5	0.014503
1624.6	0.014504
1625.0	0.014507
1625.1	0.014507
1625.8	0.014512
1625.9	0.014513
1626.0	0.014513
1626.5	0.014517
1626.6	0.014518
1626.7	0.014518
1627.0	0.01452
1627.1	0.014521
1627.3	0.014522
1627.5	0.014524
1627.6	0.014525
1628.5	0.014531
1628.7	0.014532
1628.8	0.014533
1629.4	0.014537
1629.6	0.014538
1630.1	0.014542
1630.2	0.014542
1630.3	0.014543
1630.6	0.014545
1630.7	0.014546
1630.9	0.014547
1631.3	0.01455
1632.1	0.014556
1632.2	0.014557
1632.7	0.01456
1633.1	0.014562
1633.2	0.014563
1634.2	0.01457
1634.6	0.014573
1635.0	0.014576
1635.1	0.014576
1635.4	0.014578
1635.5	0.014579
1636.5	0.014586
1636.7	0.014588
1637.0	0.014589
1637.7	0.014594
1637.9	0.014596
1638.7	0.014602
1639.3	0.014605
1639.7	0.014608
1639.8	0.014609
1640.1	0.014611
1640.5	0.014614
1640.8	0.014616
1641.1	0.014618
1641.9	0.014623
1642.3	0.014626
1642.9	0.01463
1643.1	0.014632
1643.4	0.014634
1644.0	0.014638
1644.6	0.014642
1645.1	0.014645
1645.2	0.014646
1645.4	0.014647
1645.7	0.01465
1645.8	0.01465
1646.7	0.014656
1647.6	0.014663
1647.9	0.014665
1648.3	0.014668
1648.7	0.01467
1648.8	0.014671
1648.9	0.014672
1649.2	0.014674
1649.9	0.014678
1650.4	0.014682
1650.8	0.014685
1651.0	0.014686
1651.2	0.014688
1651.4	0.014689
1651.7	0.014691
1652.1	0.014693
1652.4	0.014695
1652.5	0.014697
1652.6	0.014697
1652.8	0.014698
1653.0	0.0147
1653.1	0.0147
1654.1	0.014707
1654.8	0.014712
1654.9	0.014713
1655.1	0.014714
1655.3	0.014715
1655.4	0.014716
1655.5	0.014717
1656.0	0.01472
1656.6	0.014725
1656.7	0.014725
1656.8	0.014726
1657.0	0.014727
1657.4	0.01473
1658.4	0.014737
1658.7	0.014739
1658.8	0.014739
1659.0	0.014741
1659.2	0.014742
1659.3	0.014743
1659.6	0.014745
1659.8	0.014746
1659.9	0.014747
1660.0	0.014748
1660.6	0.014752
1661.4	0.014758
1661.5	0.014758
1661.6	0.014759
1661.7	0.014759
1662.3	0.014764
1662.4	0.014764
1662.7	0.014766
1663.5	0.014772
1663.6	0.014772
1663.8	0.014774
1663.9	0.014774
1664.1	0.014776
1666.0	0.014789
1666.5	0.014792
1666.9	0.014795
1667.0	0.014796
1667.1	0.014796
1667.4	0.014798
1667.6	0.0148
1667.9	0.014802
1668.7	0.014807
1669.0	0.014809
1669.1	0.01481
1669.3	0.014812
1669.8	0.014815
1670.0	0.014816
1670.2	0.014818
1671.2	0.014825
1671.5	0.014826
1671.8	0.014828
1671.9	0.014829
1672.1	0.01483
1672.9	0.014836
1673.0	0.014837
1673.6	0.014841
1675.3	0.014853
1675.5	0.014853
1675.6	0.014854
1676.0	0.014857
1676.3	0.014859
1676.5	0.01486
1676.8	0.014863
1677.0	0.014864
1677.3	0.014866
1677.4	0.014867
1677.9	0.01487
1678.2	0.014872
1678.7	0.014876
1679.2	0.014879
1679.4	0.01488
1680.0	0.014885
1681.1	0.014892
1681.4	0.014894
1682.4	0.0149
1682.6	0.014902
1682.8	0.014903
1683.0	0.014904
1683.2	0.014906
1683.7	0.01491
1684.0	0.014912
1684.7	0.014916
1685.3	0.014921
1686.2	0.014927
1686.4	0.014928
1686.9	0.014932
1687.1	0.014933
1687.7	0.014937
1687.8	0.014937
1688.1	0.01494
1688.2	0.01494
1688.4	0.014942
1689.4	0.014948
1689.5	0.014949
1689.8	0.014951
1690.1	0.014953
1691.5	0.014962
1691.6	0.014963
1692.1	0.014967
1692.3	0.014968
1692.4	0.014969
1692.5	0.014969
1692.6	0.01497
1694.3	0.014981
1694.4	0.014982
1694.9	0.014985
1695.3	0.014989
1695.6	0.01499
1696.1	0.014994
1696.3	0.014995
1696.6	0.014997
1697.2	0.015001
1697.3	0.015002
1697.5	0.015003
1697.9	0.015006
1698.5	0.01501
1698.7	0.015012
1699.1	0.015014
1699.2	0.015015
1699.7	0.015018
1700.5	0.015024
1700.7	0.015025
1701.6	0.015031
1701.8	0.015032
1703.9	0.015047
1704.6	0.015051
1704.8	0.015053
1705.3	0.015056
1705.4	0.015057
1705.6	0.015058
1705.8	0.015059
1705.9	0.01506
1707.1	0.015068
1707.4	0.01507
1707.7	0.015072
1707.9	0.015074
1708.7	0.015079
1708.8	0.015079
1709.3	0.015083
1710.9	0.015093
1711.6	0.015099
1711.9	0.015101
1713.4	0.01511
1713.6	0.015112
1714.0	0.015115
1714.1	0.015115
1716.0	0.015128
1716.2	0.015129
1716.3	0.01513
1716.6	0.015132
1716.8	0.015133
1717.0	0.015135
1717.9	0.015141
1718.3	0.015144
1718.7	0.015146
1718.8	0.015147
1718.9	0.015147
1719.5	0.015152
1720.5	0.015158
1721.0	0.015162
1721.1	0.015162
1721.5	0.015165
1722.0	0.015169
1723.2	0.015177
1723.3	0.015177
1723.9	0.015181
1724.8	0.015187
1724.9	0.015188
1726.9	0.015201
1727.0	0.015202
1728.3	0.01521
1728.4	0.015211
1729.2	0.015217
1729.5	0.015218
1729.8	0.015221
1730.5	0.015225
1730.9	0.015228
1732.5	0.015239
1733.1	0.015243
1734.3	0.015251
1734.9	0.015255
1735.6	0.015259
1735.7	0.01526
1736.5	0.015265
1737.3	0.015271
1737.4	0.015271
1737.5	0.015272
1739.1	0.015283
1739.4	0.015285
1740.2	0.01529
1740.7	0.015294
1741.0	0.015296
1741.2	0.015297
1741.4	0.015298
1743.5	0.015312
1744.8	0.015321
1745.4	0.015325
1745.5	0.015326
1746.1	0.01533
1746.4	0.015332
1746.6	0.015333
1747.3	0.015337
1747.7	0.01534
1748.2	0.015343
1751.3	0.015364
1751.4	0.015365
1751.5	0.015366
1751.9	0.015368
1752.8	0.015374
1753.7	0.01538
1754.0	0.015382
1754.4	0.015385
1754.7	0.015387
1754.8	0.015387
1755.3	0.015391
1756.4	0.015398
1757.5	0.015405
1758.4	0.015411
1760.7	0.015427
1761.5	0.015432
1762.1	0.015436
1762.4	0.015438
1762.7	0.01544
1764.4	0.015451
1764.9	0.015454
1765.3	0.015457
1767.2	0.015469
1767.8	0.015474
1769.4	0.015484
1769.5	0.015485
1770.4	0.015491
1772.9	0.015508
1773.0	0.015508
1773.3	0.01551
1774.3	0.015517
1775.5	0.015525
1779.0	0.015548
1780.9	0.01556
1781.4	0.015563
1781.6	0.015565
1781.7	0.015566
1782.5	0.015571
1783.5	0.015578
1784.8	0.015586
1784.9	0.015586
1785.1	0.015588
1785.2	0.015589
1785.4	0.01559
1786.3	0.015596
1787.0	0.0156
1788.2	0.015608
1791.2	0.015628
1791.9	0.015633
1792.1	0.015634
1792.5	0.015637
1793.9	0.015646
1797.5	0.015669
1799.5	0.015683
1799.6	0.015683
1799.8	0.015684
1800.1	0.015686
1802.7	0.015703
1803.5	0.015709
1803.6	0.015709
1804.1	0.015713
1807.7	0.015736
1808.4	0.015741
1808.9	0.015744
1809.1	0.015745
1809.4	0.015748
1809.9	0.015751
1810.9	0.015757
1811.4	0.015761
1813.5	0.015774
1814.4	0.01578
1814.8	0.015783
1815.3	0.015786
1816.5	0.015794
1817.8	0.015802
1821.6	0.015827
1823.9	0.015842
1824.4	0.015845
1825.1	0.01585
1827.3	0.015864
1827.6	0.015866
1827.8	0.015868
1829.1	0.015875
1829.6	0.015879
1831.0	0.015888
1831.4	0.01589
1832.3	0.015896
1833.3	0.015903
1834.3	0.015909
1839.9	0.015946
1841.9	0.015959
1842.7	0.015964
1843.0	0.015966
1845.7	0.015983
1846.6	0.015989
1849.0	0.016004
1850.9	0.016017
1853.9	0.016036
1854.7	0.016041
1854.9	0.016043
1855.6	0.016047
1856.2	0.016051
1858.2	0.016064
1861.5	0.016085
1862.7	0.016093
1863.1	0.016096
1863.9	0.016101
1865.4	0.016111
1867.0	0.016121
1868.0	0.016127
1873.8	0.016165
1875.3	0.016174
1881.7	0.016215
1882.6	0.016221
1885.2	0.016238
1887.2	0.01625
1889.6	0.016266
1892.2	0.016282
1893.5	0.016291
1894.3	0.016296
1895.4	0.016303
1896.8	0.016312
1900.2	0.016334
1900.9	0.016338
1901.9	0.016344
1902.5	0.016348
1906.5	0.016374
1909.5	0.016393
1911.0	0.016402
1916.4	0.016437
1926.3	0.016499
1926.7	0.016502
1931.7	0.016534
1933.6	0.016545
1943.5	0.016608
1962.7	0.016729
1970.8	0.01678
1990.5	0.016903
