979.27	-0.059309
985.56	-0.0592
1002.4	-0.058913
1016.7	-0.058674
1029.3	-0.058466
1044.8	-0.058215
1046.8	-0.058183
1048.1	-0.058161
1052.5	-0.058091
1067.0	-0.057861
1085.3	-0.057576
1091.0	-0.057488
1093.8	-0.057446
1102.3	-0.057315
1105.2	-0.057271
1109.3	-0.057209
1113.7	-0.057144
1120.1	-0.057047
1120.9	-0.057034
1125.6	-0.056965
1128.1	-0.056927
1131.0	-0.056885
1132.3	-0.056866
1138.8	-0.05677
1144.6	-0.056684
1146.4	-0.056659
1148.0	-0.056635
1148.6	-0.056626
1148.7	-0.056624
1149.0	-0.05662
1149.5	-0.056613
1151.0	-0.056591
1151.7	-0.056581
1154.3	-0.056544
1155.6	-0.056524
1156.2	-0.056515
1157.7	-0.056495
1158.4	-0.056485
1159.1	-0.056474
1162.4	-0.056426
1162.9	-0.05642
1164.4	-0.056397
1169.5	-0.056325
1170.2	-0.056315
1170.3	-0.056314
1170.8	-0.056306
1172.4	-0.056283
1176.6	-0.056223
1178.3	-0.0562
1178.4	-0.056199
1178.6	-0.056196
1182.5	-0.056141
1183.2	-0.056131
1185.8	-0.056093
1186.2	-0.056088
1187.4	-0.056071
1187.9	-0.056064
1189.7	-0.056039
1189.8	-0.056037
1190.8	-0.056024
1191.6	-0.056012
1192.8	-0.055996
1194.5	-0.055972
1195.3	-0.055961
1195.9	-0.055953
1196.7	-0.055941
1198.2	-0.05592
1198.3	-0.05592
1199.0	-0.055909
1202.0	-0.055868
1202.7	-0.055858
1203.1	-0.055853
1204.7	-0.055831
1204.8	-0.055829
1206.5	-0.055806
1207.6	-0.055791
1208.1	-0.055783
1208.7	-0.055776
1209.2	-0.055769
1209.9	-0.055759
1210.5	-0.055751
1211.2	-0.055742
1211.7	-0.055735
1214.6	-0.055694
1215.5	-0.055682
1217.3	-0.055658
1218.3	-0.055645
1219.8	-0.055624
1220.4	-0.055616
1221.2	-0.055605
1221.3	-0.055603
1221.6	-0.0556
1222.7	-0.055584
1222.9	-0.055582
1223.0	-0.05558
1223.5	-0.055573
1224.9	-0.055554
1225.1	-0.055551
1225.5	-0.055547
1225.8	-0.055542
1226.3	-0.055535
1228.5	-0.055505
1230.5	-0.055479
1231.0	-0.055473
1231.5	-0.055465
1232.4	-0.055453
1233.1	-0.055444
1234.2	-0.055429
1234.9	-0.05542
1236.4	-0.055399
1236.7	-0.055395
1236.9	-0.055393
1237.1	-0.05539
1237.6	-0.055383
1237.8	-0.055381
1238.2	-0.055375
1239.8	-0.055354
1240.3	-0.055347
1240.7	-0.055343
1243.7	-0.055302
1244.2	-0.055296
1244.3	-0.055294
1244.7	-0.055289
1244.8	-0.055287
1245.1	-0.055284
1245.4	-0.055279
1245.7	-0.055276
1246.0	-0.055271
1246.8	-0.055261
1247.7	-0.055248
1248.1	-0.055243
1248.4	-0.055239
1248.9	-0.055233
1249.2	-0.055229
1249.3	-0.055228
1249.4	-0.055227
1249.6	-0.055224
1250.6	-0.055211
1251.3	-0.055201
1252.4	-0.055187
1252.7	-0.055183
1254.3	-0.055162
1255.1	-0.05515
1255.2	-0.055149
1258.2	-0.05511
1258.9	-0.055101
1259.1	-0.055099
1259.4	-0.055094
1259.6	-0.055091
1260.3	-0.055083
1260.5	-0.05508
1262.9	-0.055049
1263.6	-0.055039
1264.8	-0.055023
1265.2	-0.055018
1265.6	-0.055014
1265.7	-0.055012
1266.0	-0.055007
1267.2	-0.054993
1267.4	-0.054989
1267.5	-0.054988
1268.2	-0.054979
1268.4	-0.054976
1268.7	-0.054972
1269.3	-0.054965
1270.5	-0.054949
1270.6	-0.054948
1270.9	-0.054944
1271.1	-0.054942
1271.2	-0.054939
1271.6	-0.054935
1271.9	-0.05493
1272.0	-0.054929
1272.3	-0.054926
1272.4	-0.054925
1273.0	-0.054916
1273.2	-0.054914
1273.3	-0.054913
1273.6	-0.054908
1273.7	-0.054907
1274.7	-0.054894
1275.3	-0.054886
1276.5	-0.054871
1276.8	-0.054867
1277.7	-0.054855
1278.2	-0.054849
1278.6	-0.054844
1278.9	-0.05484
1279.2	-0.054837
1279.6	-0.054832
1279.9	-0.054827
1280.7	-0.054817
1281.6	-0.054805
1281.8	-0.054802
1282.4	-0.054795
1282.6	-0.054792
1282.9	-0.054788
1284.3	-0.054771
1284.4	-0.054769
1284.7	-0.054766
1285.3	-0.054758
1286.7	-0.054739
1287.2	-0.054733
1287.4	-0.054731
1288.0	-0.054723
1288.3	-0.054719
1288.4	-0.054718
1288.5	-0.054717
1290.8	-0.054687
1291.5	-0.054677
1291.7	-0.054676
1291.9	-0.054673
1292.5	-0.054665
1292.6	-0.054664
1293.2	-0.054656
1293.3	-0.054655
1293.8	-0.054648
1294.2	-0.054643
1294.6	-0.054639
1295.9	-0.054621
1296.1	-0.05462
1296.3	-0.054616
1298.2	-0.054592
1298.3	-0.054592
1298.9	-0.054583
1299.2	-0.05458
1299.8	-0.054572
1300.0	-0.05457
1300.3	-0.054565
1300.9	-0.054558
1302.3	-0.05454
1302.4	-0.054539
1302.6	-0.054537
1303.3	-0.054528
1305.0	-0.054506
1305.6	-0.054498
1306.6	-0.054486
1306.8	-0.054484
1307.5	-0.054475
1309.9	-0.054444
1310.7	-0.054434
1310.9	-0.054431
1311.0	-0.054431
1311.3	-0.054427
1311.9	-0.054419
1312.0	-0.054418
1312.5	-0.054412
1312.6	-0.05441
1313.5	-0.054399
1314.4	-0.054387
1314.9	-0.054382
1315.2	-0.054378
1315.6	-0.054372
1315.8	-0.05437
1316.1	-0.054367
1316.2	-0.054365
1317.1	-0.054354
1317.5	-0.05435
1318.1	-0.054341
1318.7	-0.054334
1319.0	-0.05433
1319.1	-0.054328
1319.6	-0.054323
1319.7	-0.054321
1320.4	-0.054313
1320.7	-0.054308
1320.9	-0.054306
1321.5	-0.054299
1321.6	-0.054298
1321.8	-0.054295
1322.7	-0.054284
1322.9	-0.054282
1323.2	-0.054278
1324.1	-0.054267
1324.4	-0.054263
1325.2	-0.054253
1325.3	-0.054252
1325.4	-0.05425
1325.5	-0.054249
1325.7	-0.054247
1325.9	-0.054244
1326.0	-0.054243
1326.3	-0.054239
1327.2	-0.054227
1327.5	-0.054224
1329.0	-0.054205
1329.7	-0.054198
1330.4	-0.054189
1331.2	-0.054178
1331.6	-0.054174
1332.5	-0.054162
1333.5	-0.054149
1333.7	-0.054148
1334.1	-0.054143
1334.2	-0.054142
1335.4	-0.054126
1335.8	-0.054122
1335.9	-0.054121
1336.1	-0.054118
1336.2	-0.054117
1337.0	-0.054106
1337.2	-0.054105
1337.8	-0.054097
1337.9	-0.054096
1338.2	-0.054093
1338.9	-0.054083
1339.6	-0.054075
1339.8	-0.054072
1340.1	-0.054069
1340.6	-0.054062
1340.8	-0.054059
1341.0	-0.054058
1341.8	-0.054048
1342.2	-0.054043
1342.3	-0.054041
1342.5	-0.054039
1343.3	-0.054029
1343.4	-0.054028
1343.5	-0.054026
1343.6	-0.054025
1343.8	-0.054023
1344.1	-0.054019
1344.3	-0.054017
1344.4	-0.054016
1345.2	-0.054006
1345.4	-0.054003
1345.6	-0.054001
1346.5	-0.053991
1346.6	-0.053989
1346.8	-0.053986
1346.9	-0.053985
1347.0	-0.053985
1347.4	-0.053979
1347.6	-0.053977
1347.8	-0.053974
1348.2	-0.053969
1348.3	-0.053968
1348.6	-0.053965
1348.8	-0.053962
1349.4	-0.053955
1349.7	-0.053951
1350.3	-0.053943
1350.4	-0.053942
1350.8	-0.053938
1351.0	-0.053935
1351.1	-0.053934
1351.5	-0.05393
1351.6	-0.053928
1352.2	-0.053921
1352.3	-0.05392
1352.9	-0.053912
1353.0	-0.053911
1353.4	-0.053906
1353.8	-0.053901
1353.9	-0.0539
1354.0	-0.053899
1354.1	-0.053898
1354.3	-0.053895
1354.5	-0.053892
1354.6	-0.053891
1355.0	-0.053887
1355.1	-0.053885
1355.5	-0.05388
1356.1	-0.053873
1356.2	-0.053872
1356.4	-0.05387
1356.7	-0.053866
1357.0	-0.053863
1357.5	-0.053856
1357.7	-0.053854
1358.2	-0.053847
1358.3	-0.053846
1358.4	-0.053846
1358.5	-0.053844
1359.1	-0.053837
1359.8	-0.053828
1359.9	-0.053827
1360.4	-0.053821
1360.6	-0.053819
1360.8	-0.053816
1360.9	-0.053815
1361.1	-0.053812
1362.4	-0.053797
1363.7	-0.053781
1364.3	-0.053773
1364.5	-0.053772
1364.9	-0.053766
1365.1	-0.053764
1365.5	-0.053759
1365.6	-0.053758
1365.9	-0.053755
1366.0	-0.053754
1366.3	-0.05375
1366.8	-0.053744
1367.3	-0.053737
1367.5	-0.053735
1368.0	-0.05373
1368.9	-0.053718
1369.1	-0.053716
1369.5	-0.053712
1369.7	-0.053709
1370.1	-0.053704
1371.7	-0.053686
1371.9	-0.053682
1372.1	-0.05368
1372.2	-0.053679
1372.6	-0.053675
1372.8	-0.053671
1372.9	-0.053671
1373.0	-0.053669
1374.3	-0.053654
1375.0	-0.053646
1375.2	-0.053643
1375.3	-0.053642
1376.4	-0.053628
1377.0	-0.053622
1377.1	-0.05362
1377.4	-0.053617
1377.7	-0.053614
1377.9	-0.053611
1378.2	-0.053607
1378.3	-0.053607
1378.5	-0.053604
1378.6	-0.053602
1378.7	-0.053602
1378.8	-0.0536
1379.3	-0.053594
1380.1	-0.053585
1380.7	-0.053578
1381.2	-0.053571
1381.6	-0.053567
1381.9	-0.053563
1382.4	-0.053557
1382.5	-0.053556
1382.9	-0.053552
1383.0	-0.053551
1383.3	-0.053546
1383.4	-0.053545
1383.5	-0.053545
1383.6	-0.053543
1383.8	-0.053541
1384.4	-0.053533
1384.7	-0.05353
1384.8	-0.053529
1385.1	-0.053525
1385.4	-0.053521
1385.9	-0.053516
1386.2	-0.053512
1386.5	-0.053509
1386.6	-0.053507
1386.7	-0.053506
1387.3	-0.053499
1387.7	-0.053495
1388.1	-0.05349
1388.7	-0.053483
1390.0	-0.053468
1390.2	-0.053465
1390.4	-0.053462
1390.7	-0.053459
1390.9	-0.053457
1391.1	-0.053455
1391.4	-0.053451
1391.7	-0.053448
1391.8	-0.053446
1391.9	-0.053445
1392.0	-0.053444
1393.1	-0.05343
1393.5	-0.053426
1393.9	-0.053421
1394.3	-0.053417
1395.1	-0.053407
1396.2	-0.053395
1396.9	-0.053386
1397.1	-0.053384
1397.4	-0.05338
1398.0	-0.053373
1398.1	-0.053372
1398.5	-0.053368
1398.7	-0.053365
1399.7	-0.053354
1399.8	-0.053352
1399.9	-0.053351
1400.1	-0.053349
1400.4	-0.053345
1401.2	-0.053336
1401.5	-0.053332
1401.6	-0.053331
1401.7	-0.05333
1401.8	-0.05333
1401.9	-0.053327
1402.1	-0.053326
1402.6	-0.05332
1402.9	-0.053316
1403.0	-0.053315
1403.3	-0.053311
1403.5	-0.05331
1404.0	-0.053304
1404.1	-0.053302
1404.4	-0.053298
1404.6	-0.053296
1405.2	-0.053289
1405.4	-0.053287
1405.9	-0.053281
1406.2	-0.053278
1406.8	-0.053271
1406.9	-0.05327
1407.0	-0.053269
1407.2	-0.053266
1407.3	-0.053264
1407.8	-0.053259
1408.3	-0.053253
1408.9	-0.053246
1409.3	-0.053242
1409.4	-0.05324
1409.6	-0.053238
1410.2	-0.053231
1410.4	-0.053229
1410.6	-0.053226
1410.7	-0.053226
1410.9	-0.053223
1411.4	-0.053217
1411.9	-0.053211
1412.1	-0.053209
1413.2	-0.053196
1413.3	-0.053196
1413.5	-0.053193
1413.7	-0.053191
1413.8	-0.05319
1413.9	-0.053189
1414.0	-0.053187
1414.4	-0.053182
1414.5	-0.053182
1414.6	-0.053181
1414.9	-0.053177
1415.4	-0.05317
1415.6	-0.053168
1415.7	-0.053168
1416.4	-0.05316
1416.8	-0.053155
1417.2	-0.05315
1417.5	-0.053147
1418.2	-0.053139
1418.5	-0.053136
1418.6	-0.053134
1419.4	-0.053124
1419.6	-0.053122
1419.8	-0.053121
1420.1	-0.053117
1420.3	-0.053115
1420.4	-0.053114
1420.9	-0.053108
1421.6	-0.053099
1421.7	-0.053099
1421.8	-0.053097
1421.9	-0.053096
1422.3	-0.053092
1422.5	-0.05309
1422.6	-0.053087
1422.7	-0.053087
1423.3	-0.053079
1423.6	-0.053077
1423.7	-0.053076
1424.4	-0.053068
1424.5	-0.053066
1424.6	-0.053065
1425.0	-0.053061
1425.1	-0.053059
1425.4	-0.053056
1425.5	-0.053054
1425.8	-0.053052
1426.5	-0.053043
1426.9	-0.053038
1427.0	-0.053037
1427.1	-0.053036
1427.3	-0.053034
1427.7	-0.05303
1428.0	-0.053027
1428.2	-0.053023
1428.5	-0.05302
1428.8	-0.053017
1428.9	-0.053015
1429.2	-0.053013
1429.5	-0.053009
1430.0	-0.053003
1430.1	-0.053002
1430.4	-0.052999
1430.5	-0.052997
1430.7	-0.052995
1430.8	-0.052994
1431.1	-0.052991
1431.4	-0.052987
1431.7	-0.052984
1431.8	-0.052982
1431.9	-0.052981
1432.0	-0.05298
1432.3	-0.052977
1433.0	-0.052969
1433.3	-0.052966
1433.7	-0.052961
1433.8	-0.05296
1433.9	-0.052958
1434.0	-0.052957
1434.2	-0.052956
1434.4	-0.052953
1434.5	-0.052952
1434.7	-0.052949
1435.0	-0.052947
1435.2	-0.052944
1435.6	-0.05294
1436.1	-0.052934
1436.9	-0.052924
1437.2	-0.052921
1437.3	-0.05292
1437.5	-0.052918
1438.1	-0.052911
1438.4	-0.052907
1438.5	-0.052907
1439.4	-0.052896
1439.5	-0.052895
1439.6	-0.052893
1439.9	-0.05289
1440.0	-0.052889
1440.1	-0.052888
1440.2	-0.052887
1440.3	-0.052886
1441.7	-0.05287
1442.2	-0.052864
1442.5	-0.052861
1442.6	-0.05286
1442.7	-0.052859
1443.0	-0.052855
1443.7	-0.052847
1443.8	-0.052846
1444.0	-0.052844
1444.1	-0.052843
1444.3	-0.052841
1444.4	-0.052839
1444.6	-0.052837
1444.9	-0.052834
1445.5	-0.052827
1445.7	-0.052824
1445.9	-0.052822
1446.3	-0.052818
1446.6	-0.052814
1446.9	-0.052811
1447.3	-0.052806
1447.6	-0.052803
1447.9	-0.0528
1448.0	-0.052799
1448.2	-0.052796
1448.6	-0.052792
1448.7	-0.052791
1448.8	-0.052789
1449.1	-0.052787
1449.2	-0.052785
1449.3	-0.052784
1449.6	-0.052781
1450.3	-0.052772
1450.4	-0.052772
1450.5	-0.05277
1450.8	-0.052767
1450.9	-0.052767
1451.1	-0.052763
1451.2	-0.052762
1451.6	-0.052759
1452.4	-0.052749
1452.5	-0.052748
1452.7	-0.052745
1453.4	-0.052738
1453.5	-0.052737
1453.8	-0.052733
1454.0	-0.052731
1454.4	-0.052727
1454.7	-0.052724
1455.0	-0.05272
1456.0	-0.052709
1456.3	-0.052705
1456.5	-0.052703
1456.7	-0.052701
1457.2	-0.052695
1457.9	-0.052688
1458.0	-0.052686
1458.1	-0.052685
1458.4	-0.052682
1458.6	-0.052679
1458.7	-0.052678
1459.1	-0.052674
1459.2	-0.052673
1459.6	-0.052668
1460.0	-0.052664
1460.2	-0.052662
1460.4	-0.052659
1460.5	-0.052659
1460.6	-0.052657
1460.7	-0.052656
1461.0	-0.052653
1461.3	-0.05265
1461.4	-0.052649
1461.5	-0.052647
1462.0	-0.052642
1462.6	-0.052635
1463.1	-0.05263
1463.8	-0.052621
1464.0	-0.05262
1464.1	-0.052618
1464.2	-0.052617
1464.3	-0.052616
1464.5	-0.052614
1465.0	-0.052608
1465.1	-0.052607
1465.2	-0.052606
1465.8	-0.052599
1466.0	-0.052597
1466.3	-0.052594
1466.5	-0.052592
1466.9	-0.052588
1467.2	-0.052584
1467.4	-0.052581
1467.7	-0.052578
1467.8	-0.052577
1468.0	-0.052575
1468.3	-0.052572
1468.4	-0.052571
1468.6	-0.052568
1468.7	-0.052567
1468.8	-0.052566
1469.2	-0.052562
1469.4	-0.05256
1469.5	-0.052558
1469.6	-0.052557
1469.7	-0.052556
1470.0	-0.052553
1470.3	-0.052549
1470.7	-0.052545
1471.1	-0.05254
1471.3	-0.052538
1471.6	-0.052535
1472.1	-0.052529
1472.2	-0.052528
1472.3	-0.052527
1472.4	-0.052526
1472.6	-0.052523
1472.8	-0.052521
1473.4	-0.052515
1473.6	-0.052513
1473.7	-0.052511
1473.9	-0.052509
1474.1	-0.052507
1474.3	-0.052505
1474.8	-0.052499
1475.5	-0.052492
1476.1	-0.052486
1477.1	-0.052474
1477.2	-0.052473
1477.4	-0.052471
1477.5	-0.052469
1478.0	-0.052464
1478.1	-0.052463
1478.3	-0.052461
1479.3	-0.052449
1479.5	-0.052448
1479.6	-0.052447
1479.9	-0.052443
1480.1	-0.052441
1480.3	-0.052439
1480.5	-0.052437
1480.8	-0.052434
1480.9	-0.052432
1481.3	-0.052428
1481.6	-0.052425
1481.7	-0.052423
1481.8	-0.052423
1482.3	-0.052417
1483.0	-0.052409
1483.1	-0.052407
1483.3	-0.052406
1483.5	-0.052403
1484.0	-0.052398
1484.2	-0.052396
1484.3	-0.052395
1484.8	-0.05239
1485.2	-0.052385
1485.4	-0.052383
1485.5	-0.052381
1485.7	-0.05238
1486.3	-0.052373
1486.4	-0.052372
1486.6	-0.052369
1486.7	-0.052368
1486.9	-0.052366
1487.2	-0.052363
1487.3	-0.052362
1487.6	-0.052359
1488.0	-0.052354
1488.2	-0.052352
1488.6	-0.052348
1488.7	-0.052346
1489.1	-0.052342
1489.3	-0.05234
1489.5	-0.052338
1489.6	-0.052336
1489.8	-0.052334
1490.0	-0.052333
1490.2	-0.05233
1490.3	-0.052329
1491.1	-0.05232
1491.2	-0.052319
1491.6	-0.052315
1491.8	-0.052312
1491.9	-0.052311
1492.0	-0.052311
1492.1	-0.05231
1492.2	-0.052308
1492.3	-0.052307
1492.5	-0.052305
1493.0	-0.0523
1493.1	-0.052298
1493.2	-0.052298
1493.5	-0.052294
1493.9	-0.05229
1494.0	-0.052289
1494.4	-0.052284
1494.8	-0.05228
1494.9	-0.052279
1495.0	-0.052278
1495.1	-0.052277
1495.4	-0.052273
1495.8	-0.052269
1495.9	-0.052268
1496.8	-0.052259
1497.1	-0.052255
1497.4	-0.052252
1497.7	-0.052249
1497.8	-0.052247
1498.3	-0.052242
1498.4	-0.052241
1498.5	-0.05224
1498.8	-0.052236
1499.5	-0.052229
1499.6	-0.052228
1499.7	-0.052227
1499.9	-0.052225
1500.6	-0.052217
1500.8	-0.052214
1501.1	-0.052211
1501.4	-0.052208
1501.6	-0.052206
1501.7	-0.052205
1501.9	-0.052203
1502.2	-0.052199
1502.3	-0.052199
1502.7	-0.052194
1502.9	-0.052192
1503.0	-0.052191
1503.1	-0.05219
1503.3	-0.052188
1503.4	-0.052187
1503.5	-0.052185
1503.8	-0.052183
1503.9	-0.052181
1504.0	-0.05218
1504.2	-0.052178
1504.6	-0.052173
1504.7	-0.052173
1504.8	-0.052172
1505.1	-0.052169
1505.3	-0.052166
1505.5	-0.052164
1505.6	-0.052163
1506.0	-0.052159
1506.4	-0.052154
1506.5	-0.052153
1506.7	-0.052151
1507.1	-0.052147
1507.2	-0.052145
1507.3	-0.052145
1507.4	-0.052144
1507.5	-0.052142
1507.6	-0.052141
1507.9	-0.052138
1508.5	-0.052132
1508.8	-0.052128
1509.0	-0.052126
1509.2	-0.052124
1509.4	-0.052121
1509.5	-0.052121
1509.6	-0.05212
1510.0	-0.052115
1510.3	-0.052112
1510.6	-0.052109
1510.9	-0.052106
1511.2	-0.052103
1511.4	-0.0521
1511.6	-0.052099
1511.7	-0.052097
1511.8	-0.052096
1511.9	-0.052095
1512.0	-0.052094
1512.1	-0.052093
1512.2	-0.052091
1512.4	-0.05209
1512.7	-0.052086
1512.9	-0.052084
1513.0	-0.052083
1513.3	-0.05208
1513.5	-0.052078
1513.6	-0.052076
1513.7	-0.052075
1514.4	-0.052069
1514.7	-0.052065
1514.8	-0.052064
1515.0	-0.052061
1515.1	-0.05206
1516.5	-0.052045
1516.6	-0.052044
1516.8	-0.052043
1516.9	-0.052041
1517.4	-0.052036
1517.5	-0.052034
1517.6	-0.052034
1518.1	-0.052028
1518.4	-0.052025
1518.5	-0.052024
1518.7	-0.052022
1519.1	-0.052017
1519.4	-0.052015
1519.7	-0.052011
1519.9	-0.052009
1520.5	-0.052003
1520.6	-0.052002
1520.7	-0.052
1521.0	-0.051997
1521.7	-0.05199
1522.0	-0.051987
1522.2	-0.051985
1522.3	-0.051984
1522.4	-0.051982
1522.6	-0.05198
1522.7	-0.05198
1522.8	-0.051978
1523.2	-0.051974
1523.4	-0.051972
1523.9	-0.051966
1524.3	-0.051962
1524.4	-0.051961
1524.5	-0.05196
1524.6	-0.051959
1524.8	-0.051956
1524.9	-0.051955
1525.0	-0.051955
1525.1	-0.051954
1526.0	-0.051945
1526.2	-0.051942
1526.3	-0.051941
1526.4	-0.05194
1526.8	-0.051936
1527.1	-0.051933
1527.7	-0.051926
1527.8	-0.051924
1527.9	-0.051924
1528.1	-0.051922
1528.2	-0.05192
1528.6	-0.051917
1528.7	-0.051915
1529.0	-0.051912
1529.3	-0.051909
1529.8	-0.051903
1530.0	-0.051902
1530.1	-0.051901
1530.8	-0.051893
1530.9	-0.051892
1531.0	-0.051891
1531.7	-0.051884
1532.0	-0.05188
1532.1	-0.051879
1532.2	-0.051878
1532.6	-0.051873
1532.9	-0.051871
1533.4	-0.051866
1533.5	-0.051864
1533.6	-0.051864
1533.7	-0.051862
1534.8	-0.051851
1535.2	-0.051847
1535.4	-0.051844
1535.5	-0.051843
1535.6	-0.051842
1535.8	-0.05184
1536.3	-0.051835
1536.4	-0.051834
1536.5	-0.051832
1536.6	-0.051832
1536.7	-0.051831
1537.0	-0.051827
1537.1	-0.051826
1537.2	-0.051825
1537.4	-0.051823
1537.7	-0.05182
1537.9	-0.051817
1538.0	-0.051817
1538.6	-0.05181
1538.7	-0.05181
1538.9	-0.051808
1539.0	-0.051806
1539.5	-0.051801
1540.0	-0.051796
1540.2	-0.051794
1540.4	-0.051792
1540.5	-0.051791
1540.6	-0.051789
1541.3	-0.051782
1541.6	-0.051779
1541.7	-0.051778
1541.8	-0.051776
1542.3	-0.051772
1542.8	-0.051766
1542.9	-0.051765
1543.2	-0.051762
1543.8	-0.051756
1544.3	-0.051751
1544.6	-0.051747
1545.0	-0.051743
1545.3	-0.05174
1545.4	-0.051739
1545.5	-0.051738
1546.1	-0.051731
1546.2	-0.05173
1546.3	-0.051729
1546.5	-0.051727
1546.6	-0.051727
1547.4	-0.051719
1547.7	-0.051714
1548.1	-0.051711
1548.5	-0.051707
1548.6	-0.051706
1548.9	-0.051702
1549.0	-0.051701
1549.1	-0.0517
1549.3	-0.051698
1549.5	-0.051696
1550.0	-0.051691
1550.3	-0.051688
1550.7	-0.051683
1551.0	-0.05168
1551.4	-0.051676
1551.5	-0.051675
1551.9	-0.051671
1552.0	-0.05167
1552.2	-0.051668
1552.3	-0.051667
1552.7	-0.051663
1553.0	-0.05166
1553.1	-0.051659
1553.6	-0.051653
1553.7	-0.051652
1553.8	-0.051651
1554.2	-0.051647
1554.5	-0.051644
1554.6	-0.051642
1554.9	-0.051639
1555.3	-0.051636
1555.4	-0.051634
1555.5	-0.051633
1555.7	-0.051632
1555.8	-0.05163
1556.1	-0.051627
1556.6	-0.051622
1557.2	-0.051615
1558.0	-0.051607
1558.1	-0.051607
1559.1	-0.051596
1559.2	-0.051594
1559.3	-0.051594
1561.4	-0.051572
1561.9	-0.051567
1562.1	-0.051565
1562.3	-0.051563
1562.7	-0.051558
1563.1	-0.051554
1563.2	-0.051553
1563.4	-0.051551
1563.5	-0.05155
1563.6	-0.051549
1563.7	-0.051548
1564.2	-0.051543
1564.4	-0.051541
1564.8	-0.051537
1565.3	-0.051531
1565.9	-0.051526
1566.2	-0.051522
1566.3	-0.051521
1566.5	-0.05152
1567.1	-0.051513
1567.7	-0.051507
1567.9	-0.051505
1568.1	-0.051503
1568.2	-0.051502
1568.6	-0.051498
1568.7	-0.051496
1568.8	-0.051496
1569.0	-0.051494
1569.1	-0.051492
1569.3	-0.05149
1569.4	-0.051489
1570.0	-0.051483
1570.3	-0.05148
1570.8	-0.051475
1572.0	-0.051463
1572.1	-0.051461
1572.2	-0.051461
1572.4	-0.051458
1572.6	-0.051456
1573.2	-0.05145
1573.4	-0.051448
1573.6	-0.051446
1573.7	-0.051445
1574.1	-0.051441
1574.7	-0.051434
1574.8	-0.051434
1574.9	-0.051433
1575.1	-0.051431
1575.2	-0.05143
1575.4	-0.051427
1575.6	-0.051426
1575.7	-0.051425
1576.0	-0.051421
1576.2	-0.051419
1576.3	-0.051418
1576.9	-0.051412
1577.5	-0.051406
1577.6	-0.051405
1577.8	-0.051403
1577.9	-0.051402
1578.1	-0.0514
1578.2	-0.051399
1578.3	-0.051398
1578.5	-0.051396
1578.7	-0.051393
1578.8	-0.051393
1579.6	-0.051384
1579.7	-0.051383
1580.1	-0.051379
1580.2	-0.051378
1580.3	-0.051377
1580.6	-0.051374
1580.7	-0.051373
1581.1	-0.051369
1581.2	-0.051368
1581.7	-0.051362
1582.2	-0.051357
1582.5	-0.051355
1582.6	-0.051354
1582.9	-0.05135
1583.1	-0.051349
1583.2	-0.051347
1583.5	-0.051345
1583.6	-0.051343
1583.9	-0.05134
1584.2	-0.051338
1584.3	-0.051336
1584.4	-0.051336
1584.5	-0.051334
1584.8	-0.051331
1585.0	-0.051329
1585.4	-0.051325
1585.5	-0.051324
1585.8	-0.051321
1587.2	-0.051306
1587.3	-0.051306
1587.7	-0.051302
1589.1	-0.051287
1589.2	-0.051287
1590.3	-0.051275
1590.4	-0.051274
1591.7	-0.051261
1591.8	-0.05126
1591.9	-0.051258
1592.3	-0.051255
1592.6	-0.051251
1592.7	-0.051251
1592.9	-0.051248
1593.7	-0.05124
1593.8	-0.05124
1594.1	-0.051237
1594.8	-0.051229
1595.0	-0.051228
1595.2	-0.051225
1595.4	-0.051223
1595.9	-0.051219
1596.0	-0.051217
1596.1	-0.051216
1596.2	-0.051216
1596.4	-0.051214
1596.5	-0.051213
1596.6	-0.051212
1596.7	-0.05121
1596.8	-0.051209
1597.3	-0.051205
1597.4	-0.051204
1597.6	-0.051202
1597.9	-0.051198
1598.3	-0.051194
1598.4	-0.051193
1598.5	-0.051192
1598.6	-0.051192
1598.9	-0.051188
1599.0	-0.051187
1599.1	-0.051186
1599.4	-0.051183
1599.7	-0.05118
1600.2	-0.051175
1600.4	-0.051173
1601.3	-0.051164
1601.6	-0.051161
1602.1	-0.051156
1602.2	-0.051155
1602.4	-0.051153
1602.8	-0.051149
1603.0	-0.051147
1604.0	-0.051137
1604.6	-0.05113
1604.8	-0.051128
1605.7	-0.05112
1605.9	-0.051118
1606.0	-0.051117
1606.2	-0.051114
1606.5	-0.051112
1606.6	-0.051111
1606.7	-0.051109
1606.9	-0.051107
1607.2	-0.051104
1607.3	-0.051103
1607.5	-0.051101
1608.1	-0.051096
1608.2	-0.051095
1609.2	-0.051084
1609.5	-0.051082
1609.6	-0.05108
1609.7	-0.051079
1610.1	-0.051076
1610.5	-0.051071
1610.9	-0.051068
1611.9	-0.051057
1612.0	-0.051056
1612.1	-0.051055
1612.3	-0.051054
1612.4	-0.051053
1612.7	-0.051049
1613.2	-0.051045
1613.4	-0.051042
1613.5	-0.051041
1613.6	-0.051041
1614.3	-0.051033
1614.6	-0.05103
1614.9	-0.051027
1615.1	-0.051026
1615.2	-0.051024
1615.8	-0.051018
1616.1	-0.051015
1616.4	-0.051013
1616.6	-0.05101
1616.8	-0.051008
1617.4	-0.051003
1617.8	-0.050998
1618.0	-0.050996
1618.3	-0.050994
1619.1	-0.050985
1619.2	-0.050984
1619.4	-0.050982
1620.0	-0.050976
1620.3	-0.050973
1620.4	-0.050973
1621.1	-0.050965
1621.3	-0.050964
1622.1	-0.050956
1622.2	-0.050955
1622.4	-0.050953
1623.0	-0.050947
1623.2	-0.050945
1624.2	-0.050935
1624.5	-0.050932
1624.6	-0.050931
1625.0	-0.050926
1625.1	-0.050926
1625.8	-0.050919
1625.9	-0.050918
1626.0	-0.050917
1626.5	-0.050912
1626.6	-0.050911
1626.7	-0.05091
1627.0	-0.050907
1627.1	-0.050906
1627.3	-0.050904
1627.5	-0.050902
1627.6	-0.050901
1628.5	-0.050892
1628.7	-0.05089
1628.8	-0.050889
1629.4	-0.050883
1629.6	-0.050881
1630.1	-0.050876
1630.2	-0.050876
1630.3	-0.050874
1630.6	-0.050872
1630.7	-0.05087
1630.9	-0.050869
1631.3	-0.050865
1632.1	-0.050857
1632.2	-0.050855
1632.7	-0.050851
1633.1	-0.050847
1633.2	-0.050845
1634.2	-0.050836
1634.6	-0.050831
1635.0	-0.050828
1635.1	-0.050827
1635.4	-0.050824
1635.5	-0.050823
1636.5	-0.050813
1636.7	-0.050811
1637.0	-0.050808
1637.7	-0.050802
1637.9	-0.0508
1638.7	-0.050791
1639.3	-0.050786
1639.7	-0.050782
1639.8	-0.050781
1640.1	-0.050778
1640.5	-0.050774
1640.8	-0.05077
1641.1	-0.050768
1641.9	-0.05076
1642.3	-0.050756
1642.9	-0.05075
1643.1	-0.050748
1643.4	-0.050745
1644.0	-0.050739
1644.6	-0.050733
1645.1	-0.050729
1645.2	-0.050728
1645.4	-0.050726
1645.7	-0.050722
1645.8	-0.050722
1646.7	-0.050714
1647.6	-0.050704
1647.9	-0.050701
1648.3	-0.050697
1648.7	-0.050694
1648.8	-0.050692
1648.9	-0.050691
1649.2	-0.050688
1649.9	-0.050682
1650.4	-0.050677
1650.8	-0.050673
1651.0	-0.050671
1651.2	-0.050669
1651.4	-0.050667
1651.7	-0.050664
1652.1	-0.050661
1652.4	-0.050658
1652.5	-0.050656
1652.6	-0.050656
1652.8	-0.050654
1653.0	-0.050651
1653.1	-0.050651
1654.1	-0.050641
1654.8	-0.050634
1654.9	-0.050633
1655.1	-0.050631
1655.3	-0.050629
1655.4	-0.050628
1655.5	-0.050627
1656.0	-0.050623
1656.6	-0.050616
1656.7	-0.050615
1656.8	-0.050614
1657.0	-0.050612
1657.4	-0.050609
1658.4	-0.050599
1658.7	-0.050596
1658.8	-0.050595
1659.0	-0.050593
1659.2	-0.050591
1659.3	-0.05059
1659.6	-0.050587
1659.8	-0.050586
1659.9	-0.050584
1660.0	-0.050584
1660.6	-0.050577
1661.4	-0.05057
1661.5	-0.050569
1661.6	-0.050568
1661.7	-0.050567
1662.3	-0.050561
1662.4	-0.050561
1662.7	-0.050557
1663.5	-0.050549
1663.6	-0.050549
1663.8	-0.050546
1663.9	-0.050546
1664.1	-0.050544
1666.0	-0.050525
1666.5	-0.050521
1666.9	-0.050517
1667.0	-0.050516
1667.1	-0.050515
1667.4	-0.050512
1667.6	-0.05051
1667.9	-0.050507
1668.7	-0.0505
1669.0	-0.050496
1669.1	-0.050495
1669.3	-0.050493
1669.8	-0.050488
1670.0	-0.050487
1670.2	-0.050485
1671.2	-0.050475
1671.5	-0.050472
1671.8	-0.05047
1671.9	-0.050469
1672.1	-0.050467
1672.9	-0.050459
1673.0	-0.050458
1673.6	-0.050452
1675.3	-0.050436
1675.5	-0.050434
1675.6	-0.050433
1676.0	-0.050429
1676.3	-0.050426
1676.5	-0.050425
1676.8	-0.050421
1677.0	-0.050419
1677.3	-0.050417
1677.4	-0.050416
1677.9	-0.050411
1678.2	-0.050408
1678.7	-0.050403
1679.2	-0.050398
1679.4	-0.050396
1680.0	-0.050391
1681.1	-0.05038
1681.4	-0.050377
1682.4	-0.050368
1682.6	-0.050366
1682.8	-0.050364
1683.0	-0.050363
1683.2	-0.05036
1683.7	-0.050355
1684.0	-0.050352
1684.7	-0.050346
1685.3	-0.05034
1686.2	-0.050331
1686.4	-0.05033
1686.9	-0.050324
1687.1	-0.050323
1687.7	-0.050317
1687.8	-0.050317
1688.1	-0.050313
1688.2	-0.050312
1688.4	-0.05031
1689.4	-0.050301
1689.5	-0.0503
1689.8	-0.050297
1690.1	-0.050294
1691.5	-0.050281
1691.6	-0.05028
1692.1	-0.050275
1692.3	-0.050273
1692.4	-0.050272
1692.5	-0.050271
1692.6	-0.050271
1694.3	-0.050255
1694.4	-0.050254
1694.9	-0.050249
1695.3	-0.050245
1695.6	-0.050242
1696.1	-0.050237
1696.3	-0.050236
1696.6	-0.050232
1697.2	-0.050227
1697.3	-0.050226
1697.5	-0.050224
1697.9	-0.050221
1698.5	-0.050215
1698.7	-0.050212
1699.1	-0.050209
1699.2	-0.050208
1699.7	-0.050203
1700.5	-0.050196
1700.7	-0.050194
1701.6	-0.050186
1701.8	-0.050183
1703.9	-0.050163
1704.6	-0.050157
1704.8	-0.050155
1705.3	-0.050151
1705.4	-0.050149
1705.6	-0.050147
1705.8	-0.050146
1705.9	-0.050145
1707.1	-0.050133
1707.4	-0.050131
1707.7	-0.050128
1707.9	-0.050126
1708.7	-0.050119
1708.8	-0.050118
1709.3	-0.050113
1710.9	-0.050098
1711.6	-0.050091
1711.9	-0.050088
1713.4	-0.050075
1713.6	-0.050073
1714.0	-0.050069
1714.1	-0.050068
1716.0	-0.05005
1716.2	-0.050049
1716.3	-0.050048
1716.6	-0.050044
1716.8	-0.050043
1717.0	-0.05004
1717.9	-0.050032
1718.3	-0.050028
1718.7	-0.050025
1718.8	-0.050024
1718.9	-0.050023
1719.5	-0.050017
1720.5	-0.050009
1721.0	-0.050003
1721.1	-0.050002
1721.5	-0.049999
1722.0	-0.049994
1723.2	-0.049983
1723.3	-0.049982
1723.9	-0.049977
1724.8	-0.049968
1724.9	-0.049967
1726.9	-0.049949
1727.0	-0.049948
1728.3	-0.049936
1728.4	-0.049935
1729.2	-0.049927
1729.5	-0.049925
1729.8	-0.049922
1730.5	-0.049916
1730.9	-0.049911
1732.5	-0.049897
1733.1	-0.049891
1734.3	-0.04988
1734.9	-0.049875
1735.6	-0.049868
1735.7	-0.049867
1736.5	-0.04986
1737.3	-0.049852
1737.4	-0.049852
1737.5	-0.049851
1739.1	-0.049836
1739.4	-0.049833
1740.2	-0.049826
1740.7	-0.049821
1741.0	-0.049818
1741.2	-0.049816
1741.4	-0.049815
1743.5	-0.049795
1744.8	-0.049784
1745.4	-0.049778
1745.5	-0.049777
1746.1	-0.049771
1746.4	-0.049769
1746.6	-0.049767
1747.3	-0.049761
1747.7	-0.049757
1748.2	-0.049753
1751.3	-0.049724
1751.4	-0.049723
1751.5	-0.049722
1751.9	-0.049719
1752.8	-0.049711
1753.7	-0.049702
1754.0	-0.049699
1754.4	-0.049696
1754.7	-0.049693
1754.8	-0.049692
1755.3	-0.049688
1756.4	-0.049677
1757.5	-0.049668
1758.4	-0.049659
1760.7	-0.049639
1761.5	-0.049631
1762.1	-0.049626
1762.4	-0.049623
1762.7	-0.04962
1764.4	-0.049605
1764.9	-0.0496
1765.3	-0.049597
1767.2	-0.04958
1767.8	-0.049574
1769.4	-0.049559
1769.5	-0.049558
1770.4	-0.049551
1772.9	-0.049528
1773.0	-0.049527
1773.3	-0.049525
1774.3	-0.049516
1775.5	-0.049504
1779.0	-0.049473
1780.9	-0.049456
1781.4	-0.049452
1781.6	-0.04945
1781.7	-0.049449
1782.5	-0.049442
1783.5	-0.049433
1784.8	-0.049421
1784.9	-0.049421
1785.1	-0.049419
1785.2	-0.049417
1785.4	-0.049416
1786.3	-0.049407
1787.0	-0.049402
1788.2	-0.049391
1791.2	-0.049364
1791.9	-0.049358
1792.1	-0.049356
1792.5	-0.049353
1793.9	-0.04934
1797.5	-0.049308
1799.5	-0.04929
1799.6	-0.049289
1799.8	-0.049288
1800.1	-0.049285
1802.7	-0.049262
1803.5	-0.049255
1803.6	-0.049254
1804.1	-0.049249
1807.7	-0.049218
1808.4	-0.049212
1808.9	-0.049208
1809.1	-0.049206
1809.4	-0.049202
1809.9	-0.049198
1810.9	-0.049189
1811.4	-0.049185
1813.5	-0.049167
1814.4	-0.049159
1814.8	-0.049155
1815.3	-0.049151
1816.5	-0.04914
1817.8	-0.049129
1821.6	-0.049096
1823.9	-0.049076
1824.4	-0.049071
1825.1	-0.049065
1827.3	-0.049046
1827.6	-0.049044
1827.8	-0.049041
1829.1	-0.049031
1829.6	-0.049026
1831.0	-0.049014
1831.4	-0.04901
1832.3	-0.049003
1833.3	-0.048994
1834.3	-0.048985
1839.9	-0.048936
1841.9	-0.048919
1842.7	-0.048913
1843.0	-0.04891
1845.7	-0.048887
1846.6	-0.048878
1849.0	-0.048858
1850.9	-0.048842
1853.9	-0.048816
1854.7	-0.048809
1854.9	-0.048808
1855.6	-0.048801
1856.2	-0.048796
1858.2	-0.048779
1861.5	-0.048751
1862.7	-0.04874
1863.1	-0.048737
1863.9	-0.048731
1865.4	-0.048717
1867.0	-0.048703
1868.0	-0.048696
1873.8	-0.048646
1875.3	-0.048634
1881.7	-0.04858
1882.6	-0.048572
1885.2	-0.048549
1887.2	-0.048533
1889.6	-0.048513
1892.2	-0.048491
1893.5	-0.04848
1894.3	-0.048473
1895.4	-0.048464
1896.8	-0.048452
1900.2	-0.048424
1900.9	-0.048418
1901.9	-0.04841
1902.5	-0.048405
1906.5	-0.048371
1909.5	-0.048346
1911.0	-0.048334
1916.4	-0.048289
1926.3	-0.048207
1926.7	-0.048204
1931.7	-0.048162
1933.6	-0.048147
1943.5	-0.048066
1962.7	-0.047911
1970.8	-0.047845
1990.5	-0.047687
