979.27	0.031327
985.56	0.031232
1002.4	0.030985
1016.7	0.030783
1029.3	0.030609
1044.8	0.030403
1046.8	0.030376
1048.1	0.030359
1052.5	0.030302
1067.0	0.030117
1085.3	0.02989
1091.0	0.029821
1093.8	0.029788
1102.3	0.029685
1105.2	0.029651
1109.3	0.029603
1113.7	0.029553
1120.1	0.029479
1120.9	0.029469
1125.6	0.029415
1128.1	0.029387
1131.0	0.029355
1132.3	0.02934
1138.8	0.029267
1144.6	0.029202
1146.4	0.029183
1148.0	0.029165
1148.6	0.029158
1148.7	0.029157
1149.0	0.029154
1149.5	0.029149
1151.0	0.029132
1151.7	0.029125
1154.3	0.029097
1155.6	0.029082
1156.2	0.029075
1157.7	0.02906
1158.4	0.029052
1159.1	0.029044
1162.4	0.029008
1162.9	0.029004
1164.4	0.028987
1169.5	0.028933
1170.2	0.028926
1170.3	0.028925
1170.8	0.028919
1172.4	0.028902
1176.6	0.028858
1178.3	0.02884
1178.4	0.028839
1178.6	0.028837
1182.5	0.028797
1183.2	0.028789
1185.8	0.028762
1186.2	0.028758
1187.4	0.028745
1187.9	0.02874
1189.7	0.028722
1189.8	0.02872
1190.8	0.02871
1191.6	0.028702
1192.8	0.02869
1194.5	0.028672
1195.3	0.028665
1195.9	0.028658
1196.7	0.02865
1198.2	0.028634
1198.3	0.028634
1199.0	0.028626
1202.0	0.028596
1202.7	0.028589
1203.1	0.028585
1204.7	0.028569
1204.8	0.028568
1206.5	0.028551
1207.6	0.02854
1208.1	0.028534
1208.7	0.028529
1209.2	0.028524
1209.9	0.028517
1210.5	0.028511
1211.2	0.028504
1211.7	0.028499
1214.6	0.02847
1215.5	0.02846
1217.3	0.028443
1218.3	0.028433
1219.8	0.028418
1220.4	0.028412
1221.2	0.028405
1221.3	0.028403
1221.6	0.028401
1222.7	0.02839
1222.9	0.028388
1223.0	0.028387
1223.5	0.028382
1224.9	0.028368
1225.1	0.028366
1225.5	0.028362
1225.8	0.028359
1226.3	0.028354
1228.5	0.028332
1230.5	0.028314
1231.0	0.028309
1231.5	0.028303
1232.4	0.028295
1233.1	0.028288
1234.2	0.028278
1234.9	0.028271
1236.4	0.028256
1236.7	0.028253
1236.9	0.028251
1237.1	0.028249
1237.6	0.028245
1237.8	0.028243
1238.2	0.028239
1239.8	0.028224
1240.3	0.028219
1240.7	0.028215
1243.7	0.028186
1244.2	0.028182
1244.3	0.02818
1244.7	0.028177
1244.8	0.028176
1245.1	0.028173
1245.4	0.028169
1245.7	0.028167
1246.0	0.028164
1246.8	0.028157
1247.7	0.028148
1248.1	0.028144
1248.4	0.028141
1248.9	0.028136
1249.2	0.028134
1249.3	0.028133
1249.4	0.028132
1249.6	0.02813
1250.6	0.028121
1251.3	0.028114
1252.4	0.028104
1252.7	0.028101
1254.3	0.028086
1255.1	0.028078
1255.2	0.028077
1258.2	0.028049
1258.9	0.028042
1259.1	0.028041
1259.4	0.028038
1259.6	0.028035
1260.3	0.028029
1260.5	0.028027
1262.9	0.028005
1263.6	0.027998
1264.8	0.027987
1265.2	0.027983
1265.6	0.02798
1265.7	0.027979
1266.0	0.027976
1267.2	0.027965
1267.4	0.027963
1267.5	0.027962
1268.2	0.027955
1268.4	0.027953
1268.7	0.027951
1269.3	0.027946
1270.5	0.027934
1270.6	0.027933
1270.9	0.02793
1271.1	0.027929
1271.2	0.027927
1271.6	0.027924
1271.9	0.027921
1272.0	0.02792
1272.3	0.027918
1272.4	0.027917
1273.0	0.027911
1273.2	0.027909
1273.3	0.027908
1273.6	0.027905
1273.7	0.027905
1274.7	0.027895
1275.3	0.02789
1276.5	0.027879
1276.8	0.027876
1277.7	0.027868
1278.2	0.027863
1278.6	0.02786
1278.9	0.027857
1279.2	0.027855
1279.6	0.027851
1279.9	0.027848
1280.7	0.027841
1281.6	0.027832
1281.8	0.02783
1282.4	0.027825
1282.6	0.027823
1282.9	0.02782
1284.3	0.027808
1284.4	0.027807
1284.7	0.027804
1285.3	0.027799
1286.7	0.027786
1287.2	0.027782
1287.4	0.02778
1288.0	0.027774
1288.3	0.027772
1288.4	0.027771
1288.5	0.02777
1290.8	0.027749
1291.5	0.027742
1291.7	0.027741
1291.9	0.027739
1292.5	0.027734
1292.6	0.027733
1293.2	0.027727
1293.3	0.027727
1293.8	0.027722
1294.2	0.027718
1294.6	0.027715
1295.9	0.027703
1296.1	0.027702
1296.3	0.027699
1298.2	0.027682
1298.3	0.027682
1298.9	0.027676
1299.2	0.027674
1299.8	0.027668
1300.0	0.027667
1300.3	0.027664
1300.9	0.027658
1302.3	0.027646
1302.4	0.027645
1302.6	0.027644
1303.3	0.027637
1305.0	0.027622
1305.6	0.027616
1306.6	0.027608
1306.8	0.027606
1307.5	0.0276
1309.9	0.027579
1310.7	0.027572
1310.9	0.02757
1311.0	0.027569
1311.3	0.027567
1311.9	0.027561
1312.0	0.027561
1312.5	0.027556
1312.6	0.027555
1313.5	0.027547
1314.4	0.027539
1314.9	0.027535
1315.2	0.027532
1315.6	0.027529
1315.8	0.027527
1316.1	0.027525
1316.2	0.027524
1317.1	0.027516
1317.5	0.027513
1318.1	0.027507
1318.7	0.027501
1319.0	0.027499
1319.1	0.027498
1319.6	0.027494
1319.7	0.027493
1320.4	0.027487
1320.7	0.027484
1320.9	0.027482
1321.5	0.027477
1321.6	0.027476
1321.8	0.027475
1322.7	0.027467
1322.9	0.027465
1323.2	0.027463
1324.1	0.027455
1324.4	0.027452
1325.2	0.027445
1325.3	0.027445
1325.4	0.027444
1325.5	0.027443
1325.7	0.027441
1325.9	0.027439
1326.0	0.027439
1326.3	0.027435
1327.2	0.027428
1327.5	0.027425
1329.0	0.027412
1329.7	0.027407
1330.4	0.027401
1331.2	0.027393
1331.6	0.02739
1332.5	0.027382
1333.5	0.027373
1333.7	0.027372
1334.1	0.027369
1334.2	0.027368
1335.4	0.027357
1335.8	0.027354
1335.9	0.027353
1336.1	0.027351
1336.2	0.02735
1337.0	0.027343
1337.2	0.027342
1337.8	0.027337
1337.9	0.027336
1338.2	0.027334
1338.9	0.027327
1339.6	0.027321
1339.8	0.02732
1340.1	0.027317
1340.6	0.027313
1340.8	0.027311
1341.0	0.02731
1341.8	0.027303
1342.2	0.0273
1342.3	0.027298
1342.5	0.027296
1343.3	0.02729
1343.4	0.027289
1343.5	0.027288
1343.6	0.027287
1343.8	0.027285
1344.1	0.027283
1344.3	0.027281
1344.4	0.027281
1345.2	0.027274
1345.4	0.027272
1345.6	0.027271
1346.5	0.027263
1346.6	0.027262
1346.8	0.02726
1346.9	0.027259
1347.0	0.027259
1347.4	0.027255
1347.6	0.027254
1347.8	0.027252
1348.2	0.027248
1348.3	0.027248
1348.6	0.027245
1348.8	0.027244
1349.4	0.027238
1349.7	0.027236
1350.3	0.027231
1350.4	0.02723
1350.8	0.027227
1351.0	0.027225
1351.1	0.027224
1351.5	0.027221
1351.6	0.02722
1352.2	0.027215
1352.3	0.027214
1352.9	0.027209
1353.0	0.027208
1353.4	0.027205
1353.8	0.027201
1353.9	0.027201
1354.0	0.0272
1354.1	0.027199
1354.3	0.027197
1354.5	0.027195
1354.6	0.027195
1355.0	0.027191
1355.1	0.02719
1355.5	0.027187
1356.1	0.027182
1356.2	0.027181
1356.4	0.02718
1356.7	0.027177
1357.0	0.027175
1357.5	0.02717
1357.7	0.027169
1358.2	0.027164
1358.3	0.027164
1358.4	0.027163
1358.5	0.027162
1359.1	0.027157
1359.8	0.027151
1359.9	0.02715
1360.4	0.027147
1360.6	0.027145
1360.8	0.027143
1360.9	0.027142
1361.1	0.02714
1362.4	0.02713
1363.7	0.027119
1364.3	0.027113
1364.5	0.027112
1364.9	0.027108
1365.1	0.027107
1365.5	0.027103
1365.6	0.027103
1365.9	0.027101
1366.0	0.0271
1366.3	0.027097
1366.8	0.027093
1367.3	0.027088
1367.5	0.027087
1368.0	0.027083
1368.9	0.027076
1369.1	0.027074
1369.5	0.027071
1369.7	0.027069
1370.1	0.027066
1371.7	0.027053
1371.9	0.027051
1372.1	0.027049
1372.2	0.027049
1372.6	0.027045
1372.8	0.027043
1372.9	0.027043
1373.0	0.027041
1374.3	0.027031
1375.0	0.027026
1375.2	0.027024
1375.3	0.027023
1376.4	0.027014
1377.0	0.027009
1377.1	0.027008
1377.4	0.027006
1377.7	0.027003
1377.9	0.027002
1378.2	0.026999
1378.3	0.026999
1378.5	0.026997
1378.6	0.026996
1378.7	0.026995
1378.8	0.026994
1379.3	0.02699
1380.1	0.026984
1380.7	0.026979
1381.2	0.026975
1381.6	0.026971
1381.9	0.026969
1382.4	0.026965
1382.5	0.026964
1382.9	0.026961
1383.0	0.02696
1383.3	0.026957
1383.4	0.026956
1383.5	0.026956
1383.6	0.026955
1383.8	0.026954
1384.4	0.026948
1384.7	0.026946
1384.8	0.026945
1385.1	0.026943
1385.4	0.02694
1385.9	0.026936
1386.2	0.026934
1386.5	0.026932
1386.6	0.02693
1386.7	0.02693
1387.3	0.026925
1387.7	0.026922
1388.1	0.026918
1388.7	0.026914
1390.0	0.026903
1390.2	0.026901
1390.4	0.0269
1390.7	0.026897
1390.9	0.026896
1391.1	0.026894
1391.4	0.026892
1391.7	0.02689
1391.8	0.026889
1391.9	0.026888
1392.0	0.026887
1393.1	0.026878
1393.5	0.026875
1393.9	0.026872
1394.3	0.026869
1395.1	0.026862
1396.2	0.026854
1396.9	0.026848
1397.1	0.026846
1397.4	0.026843
1398.0	0.026839
1398.1	0.026838
1398.5	0.026835
1398.7	0.026833
1399.7	0.026825
1399.8	0.026824
1399.9	0.026823
1400.1	0.026822
1400.4	0.026819
1401.2	0.026813
1401.5	0.026811
1401.6	0.02681
1401.7	0.026809
1401.8	0.026809
1401.9	0.026807
1402.1	0.026806
1402.6	0.026802
1402.9	0.0268
1403.0	0.026799
1403.3	0.026796
1403.5	0.026795
1404.0	0.026791
1404.1	0.02679
1404.4	0.026787
1404.6	0.026786
1405.2	0.026781
1405.4	0.02678
1405.9	0.026775
1406.2	0.026774
1406.8	0.026768
1406.9	0.026768
1407.0	0.026767
1407.2	0.026765
1407.3	0.026764
1407.8	0.02676
1408.3	0.026757
1408.9	0.026752
1409.3	0.026749
1409.4	0.026747
1409.6	0.026746
1410.2	0.026741
1410.4	0.02674
1410.6	0.026738
1410.7	0.026738
1410.9	0.026736
1411.4	0.026732
1411.9	0.026728
1412.1	0.026727
1413.2	0.026718
1413.3	0.026717
1413.5	0.026715
1413.7	0.026714
1413.8	0.026713
1413.9	0.026713
1414.0	0.026711
1414.4	0.026708
1414.5	0.026708
1414.6	0.026707
1414.9	0.026704
1415.4	0.0267
1415.6	0.026698
1415.7	0.026698
1416.4	0.026693
1416.8	0.02669
1417.2	0.026686
1417.5	0.026684
1418.2	0.026678
1418.5	0.026676
1418.6	0.026675
1419.4	0.026669
1419.6	0.026667
1419.8	0.026666
1420.1	0.026663
1420.3	0.026662
1420.4	0.026661
1420.9	0.026657
1421.6	0.026651
1421.7	0.026651
1421.8	0.02665
1421.9	0.026649
1422.3	0.026646
1422.5	0.026645
1422.6	0.026643
1422.7	0.026643
1423.3	0.026638
1423.6	0.026636
1423.7	0.026635
1424.4	0.02663
1424.5	0.026629
1424.6	0.026628
1425.0	0.026625
1425.1	0.026624
1425.4	0.026622
1425.5	0.026621
1425.8	0.026619
1426.5	0.026613
1426.9	0.02661
1427.0	0.026609
1427.1	0.026608
1427.3	0.026607
1427.7	0.026604
1428.0	0.026602
1428.2	0.0266
1428.5	0.026597
1428.8	0.026595
1428.9	0.026594
1429.2	0.026592
1429.5	0.02659
1430.0	0.026586
1430.1	0.026585
1430.4	0.026583
1430.5	0.026582
1430.7	0.02658
1430.8	0.026579
1431.1	0.026577
1431.4	0.026575
1431.7	0.026573
1431.8	0.026572
1431.9	0.026571
1432.0	0.02657
1432.3	0.026568
1433.0	0.026563
1433.3	0.02656
1433.7	0.026558
1433.8	0.026556
1433.9	0.026555
1434.0	0.026555
1434.2	0.026554
1434.4	0.026552
1434.5	0.026551
1434.7	0.026549
1435.0	0.026547
1435.2	0.026546
1435.6	0.026543
1436.1	0.026539
1436.9	0.026532
1437.2	0.02653
1437.3	0.02653
1437.5	0.026528
1438.1	0.026523
1438.4	0.026521
1438.5	0.02652
1439.4	0.026513
1439.5	0.026512
1439.6	0.026511
1439.9	0.026509
1440.0	0.026508
1440.1	0.026508
1440.2	0.026507
1440.3	0.026506
1441.7	0.026495
1442.2	0.026492
1442.5	0.026489
1442.6	0.026489
1442.7	0.026488
1443.0	0.026485
1443.7	0.02648
1443.8	0.026479
1444.0	0.026478
1444.1	0.026477
1444.3	0.026475
1444.4	0.026475
1444.6	0.026473
1444.9	0.026471
1445.5	0.026466
1445.7	0.026464
1445.9	0.026463
1446.3	0.02646
1446.6	0.026457
1446.9	0.026455
1447.3	0.026452
1447.6	0.02645
1447.9	0.026448
1448.0	0.026447
1448.2	0.026445
1448.6	0.026442
1448.7	0.026442
1448.8	0.026441
1449.1	0.026439
1449.2	0.026438
1449.3	0.026437
1449.6	0.026435
1450.3	0.026429
1450.4	0.026429
1450.5	0.026428
1450.8	0.026425
1450.9	0.026425
1451.1	0.026423
1451.2	0.026422
1451.6	0.02642
1452.4	0.026413
1452.5	0.026412
1452.7	0.026411
1453.4	0.026406
1453.5	0.026405
1453.8	0.026402
1454.0	0.026401
1454.4	0.026398
1454.7	0.026396
1455.0	0.026393
1456.0	0.026386
1456.3	0.026383
1456.5	0.026382
1456.7	0.02638
1457.2	0.026377
1457.9	0.026372
1458.0	0.026371
1458.1	0.02637
1458.4	0.026368
1458.6	0.026366
1458.7	0.026365
1459.1	0.026362
1459.2	0.026362
1459.6	0.026358
1460.0	0.026356
1460.2	0.026354
1460.4	0.026352
1460.5	0.026352
1460.6	0.026351
1460.7	0.02635
1461.0	0.026348
1461.3	0.026346
1461.4	0.026345
1461.5	0.026344
1462.0	0.02634
1462.6	0.026336
1463.1	0.026332
1463.8	0.026327
1464.0	0.026325
1464.1	0.026324
1464.2	0.026323
1464.3	0.026323
1464.5	0.026322
1465.0	0.026317
1465.1	0.026317
1465.2	0.026316
1465.8	0.026312
1466.0	0.02631
1466.3	0.026308
1466.5	0.026307
1466.9	0.026304
1467.2	0.026301
1467.4	0.026299
1467.7	0.026297
1467.8	0.026296
1468.0	0.026295
1468.3	0.026293
1468.4	0.026292
1468.6	0.02629
1468.7	0.02629
1468.8	0.026289
1469.2	0.026286
1469.4	0.026285
1469.5	0.026284
1469.6	0.026283
1469.7	0.026283
1470.0	0.02628
1470.3	0.026278
1470.7	0.026275
1471.1	0.026272
1471.3	0.02627
1471.6	0.026268
1472.1	0.026264
1472.2	0.026263
1472.3	0.026263
1472.4	0.026262
1472.6	0.02626
1472.8	0.026259
1473.4	0.026255
1473.6	0.026253
1473.7	0.026252
1473.9	0.026251
1474.1	0.026249
1474.3	0.026248
1474.8	0.026244
1475.5	0.026239
1476.1	0.026235
1477.1	0.026227
1477.2	0.026226
1477.4	0.026224
1477.5	0.026224
1478.0	0.02622
1478.1	0.026219
1478.3	0.026218
1479.3	0.02621
1479.5	0.026209
1479.6	0.026208
1479.9	0.026206
1480.1	0.026205
1480.3	0.026203
1480.5	0.026202
1480.8	0.0262
1480.9	0.026199
1481.3	0.026195
1481.6	0.026193
1481.7	0.026192
1481.8	0.026192
1482.3	0.026188
1483.0	0.026183
1483.1	0.026182
1483.3	0.026181
1483.5	0.026179
1484.0	0.026176
1484.2	0.026174
1484.3	0.026173
1484.8	0.02617
1485.2	0.026167
1485.4	0.026165
1485.5	0.026164
1485.7	0.026163
1486.3	0.026159
1486.4	0.026158
1486.6	0.026156
1486.7	0.026155
1486.9	0.026154
1487.2	0.026152
1487.3	0.026151
1487.6	0.026149
1488.0	0.026146
1488.2	0.026144
1488.6	0.026141
1488.7	0.02614
1489.1	0.026137
1489.3	0.026136
1489.5	0.026135
1489.6	0.026134
1489.8	0.026132
1490.0	0.026131
1490.2	0.02613
1490.3	0.026129
1491.1	0.026123
1491.2	0.026122
1491.6	0.026119
1491.8	0.026117
1491.9	0.026117
1492.0	0.026116
1492.1	0.026116
1492.2	0.026115
1492.3	0.026114
1492.5	0.026113
1493.0	0.026109
1493.1	0.026108
1493.2	0.026108
1493.5	0.026105
1493.9	0.026102
1494.0	0.026102
1494.4	0.026098
1494.8	0.026096
1494.9	0.026095
1495.0	0.026094
1495.1	0.026093
1495.4	0.026091
1495.8	0.026088
1495.9	0.026088
1496.8	0.026081
1497.1	0.026079
1497.4	0.026077
1497.7	0.026075
1497.8	0.026073
1498.3	0.02607
1498.4	0.026069
1498.5	0.026069
1498.8	0.026066
1499.5	0.026061
1499.6	0.02606
1499.7	0.02606
1499.9	0.026058
1500.6	0.026053
1500.8	0.026051
1501.1	0.026049
1501.4	0.026047
1501.6	0.026046
1501.7	0.026045
1501.9	0.026044
1502.2	0.026041
1502.3	0.026041
1502.7	0.026038
1502.9	0.026036
1503.0	0.026036
1503.1	0.026035
1503.3	0.026033
1503.4	0.026033
1503.5	0.026032
1503.8	0.02603
1503.9	0.026029
1504.0	0.026028
1504.2	0.026027
1504.6	0.026024
1504.7	0.026023
1504.8	0.026023
1505.1	0.026021
1505.3	0.026018
1505.5	0.026017
1505.6	0.026016
1506.0	0.026014
1506.4	0.026011
1506.5	0.02601
1506.7	0.026009
1507.1	0.026006
1507.2	0.026005
1507.3	0.026004
1507.4	0.026004
1507.5	0.026003
1507.6	0.026002
1507.9	0.026
1508.5	0.025996
1508.8	0.025993
1509.0	0.025992
1509.2	0.02599
1509.4	0.025989
1509.5	0.025988
1509.6	0.025988
1510.0	0.025985
1510.3	0.025982
1510.6	0.02598
1510.9	0.025978
1511.2	0.025976
1511.4	0.025974
1511.6	0.025973
1511.7	0.025972
1511.8	0.025971
1511.9	0.025971
1512.0	0.02597
1512.1	0.02597
1512.2	0.025968
1512.4	0.025967
1512.7	0.025965
1512.9	0.025964
1513.0	0.025963
1513.3	0.025961
1513.5	0.025959
1513.6	0.025958
1513.7	0.025958
1514.4	0.025953
1514.7	0.025951
1514.8	0.02595
1515.0	0.025948
1515.1	0.025947
1516.5	0.025937
1516.6	0.025937
1516.8	0.025936
1516.9	0.025935
1517.4	0.025931
1517.5	0.02593
1517.6	0.02593
1518.1	0.025926
1518.4	0.025924
1518.5	0.025923
1518.7	0.025921
1519.1	0.025919
1519.4	0.025917
1519.7	0.025914
1519.9	0.025913
1520.5	0.025909
1520.6	0.025908
1520.7	0.025907
1521.0	0.025905
1521.7	0.0259
1522.0	0.025898
1522.2	0.025897
1522.3	0.025896
1522.4	0.025895
1522.6	0.025893
1522.7	0.025893
1522.8	0.025892
1523.2	0.025889
1523.4	0.025888
1523.9	0.025884
1524.3	0.025881
1524.4	0.02588
1524.5	0.02588
1524.6	0.025879
1524.8	0.025877
1524.9	0.025877
1525.0	0.025876
1525.1	0.025876
1526.0	0.025869
1526.2	0.025867
1526.3	0.025867
1526.4	0.025866
1526.8	0.025863
1527.1	0.025861
1527.7	0.025857
1527.8	0.025856
1527.9	0.025856
1528.1	0.025854
1528.2	0.025853
1528.6	0.025851
1528.7	0.02585
1529.0	0.025847
1529.3	0.025845
1529.8	0.025842
1530.0	0.025841
1530.1	0.02584
1530.8	0.025835
1530.9	0.025834
1531.0	0.025833
1531.7	0.025829
1532.0	0.025826
1532.1	0.025825
1532.2	0.025825
1532.6	0.025822
1532.9	0.02582
1533.4	0.025816
1533.5	0.025815
1533.6	0.025815
1533.7	0.025814
1534.8	0.025806
1535.2	0.025804
1535.4	0.025802
1535.5	0.025801
1535.6	0.0258
1535.8	0.025799
1536.3	0.025796
1536.4	0.025795
1536.5	0.025794
1536.6	0.025794
1536.7	0.025793
1537.0	0.02579
1537.1	0.02579
1537.2	0.025789
1537.4	0.025788
1537.7	0.025786
1537.9	0.025784
1538.0	0.025783
1538.6	0.025779
1538.7	0.025779
1538.9	0.025778
1539.0	0.025776
1539.5	0.025773
1540.0	0.02577
1540.2	0.025768
1540.4	0.025767
1540.5	0.025766
1540.6	0.025765
1541.3	0.02576
1541.6	0.025758
1541.7	0.025757
1541.8	0.025756
1542.3	0.025753
1542.8	0.025749
1542.9	0.025749
1543.2	0.025747
1543.8	0.025743
1544.3	0.025739
1544.6	0.025737
1545.0	0.025734
1545.3	0.025732
1545.4	0.025731
1545.5	0.02573
1546.1	0.025726
1546.2	0.025725
1546.3	0.025725
1546.5	0.025723
1546.6	0.025723
1547.4	0.025717
1547.7	0.025715
1548.1	0.025712
1548.5	0.025709
1548.6	0.025709
1548.9	0.025707
1549.0	0.025706
1549.1	0.025705
1549.3	0.025704
1549.5	0.025702
1550.0	0.025699
1550.3	0.025697
1550.7	0.025694
1551.0	0.025692
1551.4	0.025689
1551.5	0.025688
1551.9	0.025685
1552.0	0.025685
1552.2	0.025683
1552.3	0.025683
1552.7	0.02568
1553.0	0.025678
1553.1	0.025677
1553.6	0.025673
1553.7	0.025673
1553.8	0.025672
1554.2	0.025669
1554.5	0.025667
1554.6	0.025666
1554.9	0.025664
1555.3	0.025662
1555.4	0.025661
1555.5	0.02566
1555.7	0.025659
1555.8	0.025658
1556.1	0.025656
1556.6	0.025652
1557.2	0.025648
1558.0	0.025643
1558.1	0.025642
1559.1	0.025635
1559.2	0.025634
1559.3	0.025634
1561.4	0.025619
1561.9	0.025616
1562.1	0.025614
1562.3	0.025613
1562.7	0.02561
1563.1	0.025607
1563.2	0.025606
1563.4	0.025605
1563.5	0.025604
1563.6	0.025603
1563.7	0.025603
1564.2	0.025599
1564.4	0.025598
1564.8	0.025595
1565.3	0.025592
1565.9	0.025588
1566.2	0.025586
1566.3	0.025585
1566.5	0.025584
1567.1	0.02558
1567.7	0.025575
1567.9	0.025574
1568.1	0.025573
1568.2	0.025572
1568.6	0.025569
1568.7	0.025568
1568.8	0.025568
1569.0	0.025566
1569.1	0.025565
1569.3	0.025564
1569.4	0.025563
1570.0	0.025559
1570.3	0.025557
1570.8	0.025554
1572.0	0.025546
1572.1	0.025545
1572.2	0.025544
1572.4	0.025542
1572.6	0.025541
1573.2	0.025537
1573.4	0.025536
1573.6	0.025535
1573.7	0.025533
1574.1	0.025531
1574.7	0.025527
1574.8	0.025526
1574.9	0.025525
1575.1	0.025524
1575.2	0.025524
1575.4	0.025522
1575.6	0.025521
1575.7	0.02552
1576.0	0.025518
1576.2	0.025516
1576.3	0.025516
1576.9	0.025511
1577.5	0.025508
1577.6	0.025507
1577.8	0.025506
1577.9	0.025505
1578.1	0.025504
1578.2	0.025503
1578.3	0.025502
1578.5	0.025501
1578.7	0.025499
1578.8	0.025499
1579.6	0.025493
1579.7	0.025492
1580.1	0.025489
1580.2	0.025489
1580.3	0.025488
1580.6	0.025486
1580.7	0.025486
1581.1	0.025483
1581.2	0.025482
1581.7	0.025478
1582.2	0.025475
1582.5	0.025473
1582.6	0.025473
1582.9	0.02547
1583.1	0.025469
1583.2	0.025468
1583.5	0.025466
1583.6	0.025466
1583.9	0.025463
1584.2	0.025462
1584.3	0.025461
1584.4	0.02546
1584.5	0.025459
1584.8	0.025457
1585.0	0.025456
1585.4	0.025453
1585.5	0.025452
1585.8	0.02545
1587.2	0.025441
1587.3	0.025441
1587.7	0.025438
1589.1	0.025428
1589.2	0.025428
1590.3	0.02542
1590.4	0.025419
1591.7	0.025411
1591.8	0.02541
1591.9	0.025409
1592.3	0.025406
1592.6	0.025404
1592.7	0.025404
1592.9	0.025402
1593.7	0.025397
1593.8	0.025396
1594.1	0.025394
1594.8	0.025389
1595.0	0.025388
1595.2	0.025386
1595.4	0.025385
1595.9	0.025382
1596.0	0.025381
1596.1	0.02538
1596.2	0.02538
1596.4	0.025379
1596.5	0.025378
1596.6	0.025377
1596.7	0.025376
1596.8	0.025376
1597.3	0.025373
1597.4	0.025372
1597.6	0.025371
1597.9	0.025368
1598.3	0.025365
1598.4	0.025365
1598.5	0.025364
1598.6	0.025364
1598.9	0.025361
1599.0	0.025361
1599.1	0.02536
1599.4	0.025358
1599.7	0.025356
1600.2	0.025353
1600.4	0.025351
1601.3	0.025345
1601.6	0.025343
1602.1	0.02534
1602.2	0.02534
1602.4	0.025338
1602.8	0.025335
1603.0	0.025334
1604.0	0.025327
1604.6	0.025323
1604.8	0.025322
1605.7	0.025316
1605.9	0.025314
1606.0	0.025314
1606.2	0.025312
1606.5	0.02531
1606.6	0.02531
1606.7	0.025309
1606.9	0.025307
1607.2	0.025305
1607.3	0.025305
1607.5	0.025303
1608.1	0.0253
1608.2	0.025299
1609.2	0.025292
1609.5	0.02529
1609.6	0.025289
1609.7	0.025289
1610.1	0.025286
1610.5	0.025283
1610.9	0.025281
1611.9	0.025274
1612.0	0.025273
1612.1	0.025273
1612.3	0.025272
1612.4	0.025271
1612.7	0.025268
1613.2	0.025266
1613.4	0.025264
1613.5	0.025263
1613.6	0.025263
1614.3	0.025258
1614.6	0.025256
1614.9	0.025254
1615.1	0.025253
1615.2	0.025252
1615.8	0.025248
1616.1	0.025246
1616.4	0.025244
1616.6	0.025242
1616.8	0.025241
1617.4	0.025237
1617.8	0.025234
1618.0	0.025233
1618.3	0.025231
1619.1	0.025226
1619.2	0.025225
1619.4	0.025224
1620.0	0.02522
1620.3	0.025218
1620.4	0.025217
1621.1	0.025212
1621.3	0.025211
1622.1	0.025206
1622.2	0.025205
1622.4	0.025204
1623.0	0.0252
1623.2	0.025199
1624.2	0.025192
1624.5	0.02519
1624.6	0.025189
1625.0	0.025186
1625.1	0.025186
1625.8	0.025182
1625.9	0.025181
1626.0	0.02518
1626.5	0.025177
1626.6	0.025176
1626.7	0.025175
1627.0	0.025174
1627.1	0.025173
1627.3	0.025172
1627.5	0.02517
1627.6	0.025169
1628.5	0.025164
1628.7	0.025162
1628.8	0.025162
1629.4	0.025158
1629.6	0.025156
1630.1	0.025153
1630.2	0.025153
1630.3	0.025152
1630.6	0.02515
1630.7	0.025149
1630.9	0.025148
1631.3	0.025145
1632.1	0.02514
1632.2	0.025139
1632.7	0.025136
1633.1	0.025133
1633.2	0.025132
1634.2	0.025126
1634.6	0.025123
1635.0	0.025121
1635.1	0.02512
1635.4	0.025118
1635.5	0.025118
1636.5	0.025111
1636.7	0.025109
1637.0	0.025108
1637.7	0.025103
1637.9	0.025102
1638.7	0.025096
1639.3	0.025093
1639.7	0.02509
1639.8	0.025089
1640.1	0.025088
1640.5	0.025085
1640.8	0.025082
1641.1	0.025081
1641.9	0.025076
1642.3	0.025073
1642.9	0.025069
1643.1	0.025068
1643.4	0.025066
1644.0	0.025062
1644.6	0.025058
1645.1	0.025055
1645.2	0.025054
1645.4	0.025053
1645.7	0.02505
1645.8	0.02505
1646.7	0.025045
1647.6	0.025038
1647.9	0.025036
1648.3	0.025034
1648.7	0.025031
1648.8	0.02503
1648.9	0.02503
1649.2	0.025028
1649.9	0.025023
1650.4	0.02502
1650.8	0.025018
1651.0	0.025016
1651.2	0.025015
1651.4	0.025014
1651.7	0.025012
1652.1	0.025009
1652.4	0.025007
1652.5	0.025006
1652.6	0.025006
1652.8	0.025005
1653.0	0.025003
1653.1	0.025003
1654.1	0.024996
1654.8	0.024992
1654.9	0.024991
1655.1	0.02499
1655.3	0.024989
1655.4	0.024988
1655.5	0.024987
1656.0	0.024984
1656.6	0.02498
1656.7	0.024979
1656.8	0.024979
1657.0	0.024977
1657.4	0.024975
1658.4	0.024968
1658.7	0.024967
1658.8	0.024966
1659.0	0.024965
1659.2	0.024963
1659.3	0.024963
1659.6	0.024961
1659.8	0.02496
1659.9	0.024959
1660.0	0.024958
1660.6	0.024954
1661.4	0.024949
1661.5	0.024948
1661.6	0.024948
1661.7	0.024947
1662.3	0.024943
1662.4	0.024943
1662.7	0.024941
1663.5	0.024935
1663.6	0.024935
1663.8	0.024933
1663.9	0.024933
1664.1	0.024932
1666.0	0.02492
1666.5	0.024916
1666.9	0.024914
1667.0	0.024913
1667.1	0.024913
1667.4	0.024911
1667.6	0.024909
1667.9	0.024908
1668.7	0.024902
1669.0	0.0249
1669.1	0.0249
1669.3	0.024898
1669.8	0.024895
1670.0	0.024894
1670.2	0.024893
1671.2	0.024886
1671.5	0.024885
1671.8	0.024883
1671.9	0.024882
1672.1	0.024881
1672.9	0.024876
1673.0	0.024875
1673.6	0.024871
1675.3	0.02486
1675.5	0.024859
1675.6	0.024858
1676.0	0.024856
1676.3	0.024854
1676.5	0.024853
1676.8	0.024851
1677.0	0.024849
1677.3	0.024848
1677.4	0.024847
1677.9	0.024844
1678.2	0.024842
1678.7	0.024839
1679.2	0.024835
1679.4	0.024834
1680.0	0.02483
1681.1	0.024823
1681.4	0.024821
1682.4	0.024816
1682.6	0.024814
1682.8	0.024813
1683.0	0.024812
1683.2	0.02481
1683.7	0.024807
1684.0	0.024805
1684.7	0.024801
1685.3	0.024797
1686.2	0.024791
1686.4	0.02479
1686.9	0.024787
1687.1	0.024785
1687.7	0.024782
1687.8	0.024781
1688.1	0.024779
1688.2	0.024778
1688.4	0.024777
1689.4	0.024771
1689.5	0.024771
1689.8	0.024768
1690.1	0.024767
1691.5	0.024758
1691.6	0.024757
1692.1	0.024754
1692.3	0.024753
1692.4	0.024752
1692.5	0.024752
1692.6	0.024751
1694.3	0.024741
1694.4	0.02474
1694.9	0.024737
1695.3	0.024734
1695.6	0.024732
1696.1	0.024729
1696.3	0.024728
1696.6	0.024726
1697.2	0.024723
1697.3	0.024722
1697.5	0.02472
1697.9	0.024718
1698.5	0.024714
1698.7	0.024713
1699.1	0.02471
1699.2	0.02471
1699.7	0.024707
1700.5	0.024702
1700.7	0.0247
1701.6	0.024695
1701.8	0.024694
1703.9	0.02468
1704.6	0.024676
1704.8	0.024675
1705.3	0.024672
1705.4	0.024671
1705.6	0.02467
1705.8	0.024669
1705.9	0.024669
1707.1	0.024661
1707.4	0.024659
1707.7	0.024657
1707.9	0.024656
1708.7	0.024651
1708.8	0.024651
1709.3	0.024647
1710.9	0.024638
1711.6	0.024633
1711.9	0.024631
1713.4	0.024622
1713.6	0.024621
1714.0	0.024618
1714.1	0.024618
1716.0	0.024606
1716.2	0.024605
1716.3	0.024604
1716.6	0.024602
1716.8	0.024601
1717.0	0.0246
1717.9	0.024594
1718.3	0.024592
1718.7	0.024589
1718.8	0.024589
1718.9	0.024588
1719.5	0.024585
1720.5	0.024579
1721.0	0.024575
1721.1	0.024575
1721.5	0.024573
1722.0	0.024569
1723.2	0.024562
1723.3	0.024561
1723.9	0.024558
1724.8	0.024552
1724.9	0.024552
1726.9	0.02454
1727.0	0.024539
1728.3	0.024531
1728.4	0.02453
1729.2	0.024526
1729.5	0.024524
1729.8	0.024522
1730.5	0.024518
1730.9	0.024515
1732.5	0.024506
1733.1	0.024502
1734.3	0.024495
1734.9	0.024491
1735.6	0.024487
1735.7	0.024486
1736.5	0.024482
1737.3	0.024476
1737.4	0.024476
1737.5	0.024475
1739.1	0.024466
1739.4	0.024464
1740.2	0.024459
1740.7	0.024456
1741.0	0.024454
1741.2	0.024453
1741.4	0.024452
1743.5	0.024439
1744.8	0.024432
1745.4	0.024428
1745.5	0.024428
1746.1	0.024424
1746.4	0.024422
1746.6	0.024421
1747.3	0.024417
1747.7	0.024414
1748.2	0.024412
1751.3	0.024393
1751.4	0.024392
1751.5	0.024392
1751.9	0.02439
1752.8	0.024384
1753.7	0.024379
1754.0	0.024377
1754.4	0.024375
1754.7	0.024373
1754.8	0.024372
1755.3	0.024369
1756.4	0.024363
1757.5	0.024356
1758.4	0.024351
1760.7	0.024338
1761.5	0.024333
1762.1	0.024329
1762.4	0.024328
1762.7	0.024326
1764.4	0.024316
1764.9	0.024313
1765.3	0.024311
1767.2	0.0243
1767.8	0.024296
1769.4	0.024287
1769.5	0.024286
1770.4	0.024281
1772.9	0.024266
1773.0	0.024265
1773.3	0.024264
1774.3	0.024258
1775.5	0.024251
1779.0	0.024231
1780.9	0.02422
1781.4	0.024217
1781.6	0.024216
1781.7	0.024215
1782.5	0.024211
1783.5	0.024205
1784.8	0.024197
1784.9	0.024197
1785.1	0.024196
1785.2	0.024195
1785.4	0.024194
1786.3	0.024189
1787.0	0.024185
1788.2	0.024178
1791.2	0.024161
1791.9	0.024157
1792.1	0.024156
1792.5	0.024154
1793.9	0.024146
1797.5	0.024125
1799.5	0.024114
1799.6	0.024113
1799.8	0.024112
1800.1	0.024111
1802.7	0.024096
1803.5	0.024091
1803.6	0.024091
1804.1	0.024088
1807.7	0.024068
1808.4	0.024064
1808.9	0.024061
1809.1	0.02406
1809.4	0.024058
1809.9	0.024055
1810.9	0.02405
1811.4	0.024047
1813.5	0.024035
1814.4	0.024031
1814.8	0.024028
1815.3	0.024025
1816.5	0.024019
1817.8	0.024012
1821.6	0.023991
1823.9	0.023978
1824.4	0.023975
1825.1	0.023971
1827.3	0.023959
1827.6	0.023958
1827.8	0.023956
1829.1	0.02395
1829.6	0.023947
1831.0	0.023939
1831.4	0.023937
1832.3	0.023932
1833.3	0.023926
1834.3	0.023921
1839.9	0.02389
1841.9	0.02388
1842.7	0.023876
1843.0	0.023874
1845.7	0.02386
1846.6	0.023854
1849.0	0.023842
1850.9	0.023832
1853.9	0.023816
1854.7	0.023811
1854.9	0.02381
1855.6	0.023806
1856.2	0.023803
1858.2	0.023793
1861.5	0.023775
1862.7	0.023769
1863.1	0.023767
1863.9	0.023763
1865.4	0.023755
1867.0	0.023746
1868.0	0.023742
1873.8	0.023711
1875.3	0.023704
1881.7	0.023671
1882.6	0.023666
1885.2	0.023652
1887.2	0.023642
1889.6	0.02363
1892.2	0.023617
1893.5	0.02361
1894.3	0.023606
1895.4	0.023601
1896.8	0.023593
1900.2	0.023576
1900.9	0.023573
1901.9	0.023568
1902.5	0.023565
1906.5	0.023545
1909.5	0.02353
1911.0	0.023523
1916.4	0.023496
1926.3	0.023448
1926.7	0.023446
1931.7	0.023421
1933.6	0.023412
1943.5	0.023365
1962.7	0.023275
1970.8	0.023238
1990.5	0.023149
