0.0	0.0	0.0
0.5	-0.00103452179912	0.000690410925358
1.0	-0.0011176571618	0.000327250767235
1.5	-0.0011647719764	0.000381394582355
2.0	-0.001277217389	0.00057920362311
2.5	-0.0014253405524	0.000783081553542
3.0	-0.0015470128826	0.00100932013925
3.5	-0.0015911503732	0.00123854220602
4.0	-0.0015290223854	0.00144852043914
4.5	-0.00135603279018	0.00162111597039
5.0	-0.00108937347932	0.00174345654482
5.5	-0.00076159272378	0.00180917268354
6.0	-0.000410523059086	0.00182013299212
6.5	-6.79152200434e-05	0.00178739153544
7.0	0.000249386093714	0.001729843296
7.5	0.000542325836154	0.00166966498198
8.0	0.000825778778	0.00162468144276
8.5	0.00112061150596	0.00160078619016
9.0	0.001445585752	0.00159093384889
9.5	0.0018123942124	0.00158069758294
10.0	0.002224666034	0.00155459593772
10.5	0.0026797171702	0.00149914562483
11.0	0.0031712430756	0.00140259463599
11.5	0.0036916226698	0.0012529964348
12.0	0.004233294282	0.00103932956478
12.5	0.0047892571272	0.000815933148972
13.0	0.005353053001	0.000964501779502
13.5	0.0059185542996	0.00132877145041
14.0	0.0064797871292	0.00168019532969
14.5	0.0070309109136	0.00200585687515
15.0	0.0075663179574	0.00230926270464
15.5	0.008080842043	0.00259259426974
16.0	0.0085700071316	0.00285652918001
16.5	0.0090302410844	0.00310090789256
17.0	0.009459008006	0.00332523352596
17.5	0.0098548521596	0.00352899126618
18.0	0.0102173526584	0.00371186961648
18.5	0.010547003282	0.00387388629066
19.0	0.0108450564758	0.00401549697422
19.5	0.011113350568	0.00413764294935
20.0	0.011354130197	0.00424174775067
20.5	0.011569884242	0.00432968867072
21.0	0.0117632070628	0.00440374006287
21.5	0.0119366597738	0.00446639510299
22.0	0.0120926442686	0.00452018084899
22.5	0.0122333233998	0.00456747740535
23.0	0.012360564371	0.00461032620851
23.5	0.0124759279216	0.00465030258135
24.0	0.0125806911134	0.00468847490912
24.5	0.0126758880318	0.00472542640421
25.0	0.0127623664742	0.00476132727167
25.5	0.012840841117	0.00479603890657
26.0	0.0129119368578	0.00482922984
26.5	0.012976229476	0.00486048116759
27.0	0.0130342619858	0.00488938351933
27.5	0.01308656107	0.00491559663197
28.0	0.0131336431276	0.00493891099139
28.5	0.0131760178858	0.00495926902542
29.0	0.013214186475	0.00497678044211
29.5	0.0132486393752	0.00499171093981
30.0	0.013279843247	0.00500444568041
30.5	0.0133082326624	0.00501544955146
31.0	0.0133342016152	0.00502521427778
31.5	0.0133580877668	0.00503420564687
32.0	0.0133801684218	0.00504281038795
32.5	0.0134006612998	0.00505131220209
33.0	0.0134197239166	0.00505986627276
33.5	0.0134374635468	0.00506851234598
34.0	0.013453948	0.00507718406471
34.5	0.0134692207516	0.00508574534754
35.0	0.0134833114718	0.00509401776253
35.5	0.0134962486224	0.00510181667784
36.0	0.0135080691392	0.00510897858923
36.5	0.01351882115	0.00511538717935
37.0	0.0135285715644	0.0051209816277
37.5	0.013537402228	0.00512576349221
38.0	0.0135454091972	0.00512979272223
38.5	0.0135526960064	0.00513317559145
39.0	0.0135593687494	0.00513605414502
39.5	0.0135655297614	0.00513857910734
40.0	0.0135712697218	0.00514090067401
40.5	0.013576665083	0.00514314964771
41.0	0.0135817728994	0.00514541822405
41.5	0.0135866337854	0.00514776659346
42.0	0.0135912665234	0.00515021137821
42.5	0.0135956769338	0.00515273289526
43.0	0.013599860337	0.00515528728067
43.5	0.0136038072602	0.00515781246063
44.0	0.0136075041284	0.00516024000743
44.5	0.0136109427156	0.00516250855587
45.0	0.0136141215078	0.00516456731312
45.5	0.0136170435782	0.00516639035358
46.0	0.0136197259814	0.00516796910712
46.5	0.0136221885384	0.00516931831853
47.0	0.0136244581946	0.00517046783676
47.5	0.0136265651912	0.00517146476406
48.0	0.0136285385752	0.00517235606547
48.5	0.013630406356	0.00517318978464
49.0	0.0136321915056	0.00517401176327
49.5	0.0136339109582	0.00517484930042
50.0	0.013635575761	0.00517572533061
