0.0	0.0	0.0
0.5	-0.017548001846	0.00479075978729
1.0	-0.023958383486	0.00581624762458
1.5	-0.028509655538	0.00654646519439
2.0	-0.033146128766	0.00726530095863
2.5	-0.038717904596	0.0081300352143
3.0	-0.045563283268	0.00921957154734
3.5	-0.053845465548	0.0105794596353
4.0	-0.063677243486	0.012276433399
4.5	-0.075301520724	0.0145584174896
5.0	-0.08930301552	0.0176194768032
5.5	-0.105294120516	0.0199085781016
6.0	-0.119469268584	0.0193410948061
6.5	-0.12695500902	0.0168438843872
7.0	-0.12659158258	0.0144794951106
7.5	-0.12060150962	0.0131052280359
8.0	-0.111921811974	0.012620413623
8.5	-0.102767939144	0.0126385598222
9.0	-0.094365896966	0.0128318950742
9.5	-0.087171735154	0.0130219543484
10.0	-0.081196910692	0.0131468370563
10.5	-0.076269062508	0.0131997141135
11.0	-0.072182073612	0.0131850956742
11.5	-0.068755986216	0.0131022376399
12.0	-0.065848757346	0.0129439916432
12.5	-0.063350136496	0.0127038090228
13.0	-0.061172542728	0.012379121516
13.5	-0.05924472172	0.0119734005264
14.0	-0.057510179902	0.0115000078902
14.5	-0.05592365384	0.0109782565848
15.0	-0.054451442516	0.0104319476639
15.5	-0.053070540908	0.00989004091702
16.0	-0.05176706621	0.00938883970369
16.5	-0.050538095126	0.00895802827425
17.0	-0.049385551964	0.0086202358561
17.5	-0.048311054688	0.0083946289717
18.0	-0.047319719558	0.00828757294772
18.5	-0.046418445174	0.0082890275216
19.0	-0.04561209371	0.00837687491077
19.5	-0.044902075898	0.00852218485998
20.0	-0.04428587094	0.00869520105471
20.5	-0.04375729437	0.00886992806231
21.0	-0.043307495818	0.00902565113444
21.5	-0.042926077058	0.00914688649437
22.0	-0.042601692606	0.00922379442958
22.5	-0.042322521252	0.00925278117062
23.0	-0.04207698124	0.00923655306416
23.5	-0.041854522098	0.00918349240687
24.0	-0.041646297696	0.00910638699483
24.5	-0.041445603888	0.00902065755318
25.0	-0.04124803001	0.00894221378464
25.5	-0.041051417508	0.00888512567797
26.0	-0.040855629924	0.00885949392406
26.5	-0.040662179216	0.00887010987614
27.0	-0.04047372035	0.00891620629637
27.5	-0.04029353345	0.00899234558649
28.0	-0.040124987824	0.00908996432806
28.5	-0.039971152994	0.0091990460688
29.0	-0.039834474436	0.0093096324323
29.5	-0.039716448854	0.00941296248351
30.0	-0.039617617858	0.00950217120978
30.5	-0.039537459596	0.00957277316261
31.0	-0.03947448345	0.00962285590547
31.5	-0.039426435658	0.00965299009183
32.0	-0.03939055656	0.00966592546407
32.5	-0.03936386795	0.00966605187487
33.0	-0.039343437636	0.00965873612671
33.5	-0.03932668469	0.00964946078726
34.0	-0.039311554808	0.00964309427051
34.5	-0.03929662945	0.00964330054239
35.0	-0.039281178138	0.00965215687742
35.5	-0.0392651293	0.00967006595076
36.0	-0.039248963062	0.00969595047167
36.5	-0.039233558386	0.00972761932704
37.0	-0.039220010324	0.0097622340681
37.5	-0.039209442886	0.00979677341634
38.0	-0.03920282501	0.00982844751013
38.5	-0.039200839126	0.00985501314053
39.0	-0.039203787106	0.00987498508202
39.5	-0.039211567606	0.00988773234716
40.0	-0.039223693044	0.00989346209526
40.5	-0.03923936476	0.00989312273013
41.0	-0.039257581692	0.00988820732242
41.5	-0.039277266688	0.00988050494822
42.0	-0.039297394274	0.00987184018292
42.5	-0.039317086226	0.0098638477274
43.0	-0.039335700072	0.00985777423915
43.5	-0.039352866678	0.00985437085956
44.0	-0.039368499706	0.0098538520216
44.5	-0.039382767258	0.00985595277804
45.0	-0.039396031184	0.00986001978733
45.5	-0.039408776276	0.00986516129147
46.0	-0.039421517356	0.00987039354409
46.5	-0.039434728612	0.00987478835119
47.0	-0.039448774092	0.0098775855434
47.5	-0.039463867284	0.0098782782642
48.0	-0.039480055138	0.00987664697042
48.5	-0.039497219736	0.00987276270434
49.0	-0.039515110054	0.00986694791138
49.5	-0.039533386266	0.00985971285748
50.0	-0.03955166633	0.009851666109
