0.0	0.0	0.0
0.5	0.111158037756	0.0159298464398
1.0	0.11322570301	0.0152307005395
1.5	0.112428762998	0.0149849165937
2.0	0.111788297452	0.0148990336403
2.5	0.111373778266	0.0148549103717
3.0	0.111093717656	0.0148173551308
3.5	0.110882803562	0.0147759592893
4.0	0.11070135401	0.0147279917828
4.5	0.110524873112	0.0146732566311
5.0	0.11033748302	0.0146124475116
5.5	0.110128238952	0.0145465765013
6.0	0.109889176704	0.0144767412877
6.5	0.10961423782	0.0144040336836
7.0	0.109298747852	0.0143295097774
7.5	0.108939248188	0.0142542164851
8.0	0.108533368518	0.0141791659611
8.5	0.108079948048	0.0141053885562
9.0	0.107578726406	0.0140337726969
9.5	0.107030657766	0.0139654412796
10.0	0.106438259482	0.0139013950906
10.5	0.105804669198	0.0138414186244
11.0	0.105132278384	0.0137841809679
11.5	0.104422094406	0.0137282459797
12.0	0.103673889636	0.0136732295789
12.5	0.102886748144	0.0136210735648
13.0	0.102059995438	0.0135768672577
13.5	0.101194220024	0.0135486256535
14.0	0.100292220878	0.0135460729101
14.5	0.099359621936	0.0135782062658
15.0	0.098405168312	0.013651141727
15.5	0.097440015948	0.0137663020917
16.0	0.096477125784	0.0139200238273
16.5	0.095529599846	0.0141047088009
17.0	0.09460940983	0.014310436626
17.5	0.093726559814	0.0145268474181
18.0	0.092888271514	0.0147449635758
18.5	0.092098942936	0.014957781707
19.0	0.09136079088	0.01516053633
19.5	0.09067413374	0.0153508123476
20.0	0.090037882982	0.0155279437903
20.5	0.089450295008	0.0156923030734
21.0	0.088909321016	0.0158448561879
21.5	0.08841259663	0.0159869323359
22.0	0.08795766981	0.0161197809155
22.5	0.087542043902	0.0162444526256
23.0	0.087163244236	0.0163616656761
23.5	0.086818819794	0.0164717458512
24.0	0.086506316108	0.0165747873213
24.5	0.086223272756	0.0166707393393
25.0	0.085967254846	0.0167594560843
25.5	0.085735881186	0.0168408007017
26.0	0.08552684942	0.0169147420755
26.5	0.085337930466	0.016981429531
27.0	0.08516698028	0.0170412298469
27.5	0.085011995556	0.0170947430449
28.0	0.084871128712	0.017142710135
28.5	0.08474271311	0.0171859448098
29.0	0.084625288144	0.0172252929818
29.5	0.084517588878	0.0172615350592
30.0	0.08441855323	0.017295353766
30.5	0.084327289786	0.0173272848404
31.0	0.084243063404	0.0173576999719
31.5	0.084165270682	0.0173868159871
32.0	0.084093410174	0.0174147032105
32.5	0.084027052922	0.0174413302249
33.0	0.083965831516	0.0174665957935
33.5	0.08390940606	0.0174903802746
34.0	0.083857448848	0.0175125576204
34.5	0.083809642954	0.0175330493518
35.0	0.083765667954	0.0175518351552
35.5	0.083725199946	0.0175689582985
36.0	0.083687923656	0.0175845292703
36.5	0.083653519166	0.0175986992614
37.0	0.08362169055	0.017611664386
37.5	0.083592155036	0.0176236290685
38.0	0.083564664768	0.0176347920697
38.5	0.08353899779	0.0176453347757
39.0	0.083514966596	0.0176553907146
39.5	0.083492426374	0.0176650607189
40.0	0.08347125531	0.0176743984247
40.5	0.083451360606	0.017683420207
41.0	0.08343267068	0.0176921046652
41.5	0.083415129812	0.0177004217885
42.0	0.083398691996	0.0177083261928
42.5	0.083383305354	0.0177157731467
43.0	0.083368921962	0.0177227362951
43.5	0.083355487206	0.0177292082682
44.0	0.083342943676	0.0177351901452
44.5	0.083331216698	0.0177407065648
45.0	0.083320243282	0.0177458071736
45.5	0.083309948648	0.017750548884
46.0	0.083300263326	0.0177549866578
46.5	0.083291119148	0.0177591811518
47.0	0.083282459988	0.017763185628
47.5	0.083274237914	0.017767041284
48.0	0.083266415126	0.0177707806292
48.5	0.08325896216	0.0177744214508
49.0	0.083251855748	0.0177779550407
49.5	0.083245087624	0.0177813882174
50.0	0.083238649682	0.0177847023026
