0.0	0.0	0.0
0.5	0.00086179860844	0.0010714165185
1.0	0.0029487527114	0.00193448357931
1.5	0.0060146518864	0.00277853360363
2.0	0.0102853158366	0.00367283522551
2.5	0.015954474392	0.00465176132505
3.0	0.023122992838	0.0057351256541
3.5	0.031931958866	0.00694647892358
4.0	0.042628109546	0.00835840600579
4.5	0.055872418768	0.0104791418752
5.0	0.073842803778	0.0145004768351
5.5	0.099543443038	0.0189083201106
6.0	0.13053738912	0.0186796362865
6.5	0.15722041876	0.0129571491503
7.0	0.17202730124	0.00602323686489
7.5	0.17429720502	0.00893651964232
8.0	0.16746493116	0.0125118852199
8.5	0.15570231724	0.0141383141122
9.0	0.14228736078	0.0145370368548
9.5	0.12920227484	0.0143309039555
10.0	0.117345451966	0.0138821655588
10.5	0.106940392536	0.0133337080306
11.0	0.097895082442	0.012711086922
11.5	0.090023426382	0.0120043841278
12.0	0.083144986994	0.0112104068973
12.5	0.07711396548	0.0103424049379
13.0	0.07181567781	0.0094276540408
13.5	0.06715708854	0.00849861315722
14.0	0.063057568838	0.00759007484625
14.5	0.05944285834	0.00673406099444
15.0	0.05624442521	0.00596067012442
15.5	0.05339787947	0.00529190115964
16.0	0.050847049766	0.0047472969378
16.5	0.048542323368	0.00433677394609
17.0	0.04644142779	0.00405188336738
17.5	0.044511444382	0.00386483780525
18.0	0.042729629662	0.00373911963892
18.5	0.041080456868	0.0036380479165
19.0	0.03955435131	0.00353208650897
19.5	0.038146224676	0.00340154035004
20.0	0.036853809168	0.00323772919607
20.5	0.035676302912	0.0030474075634
21.0	0.034613384546	0.00286368971472
21.5	0.033664101086	0.00275521112133
22.0	0.032825776716	0.00279484815749
22.5	0.032093525324	0.00298259880561
23.0	0.031460210802	0.00324706468667
23.5	0.030916689728	0.00351863865799
24.0	0.030452282436	0.00375664244964
24.5	0.030055386434	0.00394214008321
25.0	0.02971416807	0.00406944305293
25.5	0.02941728997	0.00414160764094
26.0	0.029154526414	0.00416812222626
26.5	0.028917211032	0.00416330508728
27.0	0.02869845441	0.00414458582841
27.5	0.028493230198	0.00413001680946
28.0	0.028298300104	0.0041350352035
28.5	0.02811203593	0.00416927975434
29.0	0.027934159696	0.00423499140114
29.5	0.027765440982	0.00432785870867
30.0	0.02760726895	0.00443965475485
30.5	0.027461351206	0.00456088332552
31.0	0.02732934555	0.00468254546373
31.5	0.02721248453	0.00479706795567
32.0	0.027111451612	0.00489846714038
32.5	0.027026229686	0.0049824806553
33.0	0.02695601613	0.00504675567488
33.5	0.026899360834	0.00509085457489
34.0	0.026854287234	0.00511625992619
34.5	0.026818486596	0.00512620909228
35.0	0.026789542384	0.00512527980476
35.5	0.026765153314	0.00511876341487
36.0	0.02674332252	0.00511190636818
36.5	0.026722505066	0.00510915345662
37.0	0.026701699636	0.00511354700354
37.5	0.02668046585	0.00512643151222
38.0	0.026658883726	0.00514750080612
38.5	0.026637449852	0.00517513086657
39.0	0.026616944908	0.00520686230959
39.5	0.026598275374	0.00523988582853
40.0	0.02658231349	0.00527146941389
40.5	0.026569763758	0.00529926764984
41.0	0.026561065492	0.00532153975684
41.5	0.026556338234	0.00533726819285
42.0	0.026555380482	0.00534620436236
42.5	0.02655770146	0.00534883994811
43.0	0.026562593606	0.00534629376528
43.5	0.026569227292	0.00534013503275
44.0	0.02657675239	0.0053321353759
44.5	0.02658439122	0.00532403260972
45.0	0.026591527162	0.00531728895714
45.5	0.026597747406	0.00531292892283
46.0	0.026602871236	0.00531145346597
46.5	0.026606940306	0.00531284061887
47.0	0.026610176994	0.00531663049624
47.5	0.026612933886	0.00532205241864
48.0	0.02661562233	0.00532817166217
48.5	0.026618656136	0.00533403378004
49.0	0.026622376624	0.00533879568957
49.5	0.026627026196	0.00534181180428
50.0	0.02663271207	0.00534269793461
