0.0	0.0	0.0
0.5	-0.00057233972278	0.000548220722319
1.0	-0.00064501850358	0.000396488475743
1.5	-0.00069457505522	0.000222242018924
2.0	-0.00077564820582	0.000299378064352
2.5	-0.00087716421246	0.000489752350043
3.0	-0.000967730843	0.000683320014665
3.5	-0.00101844321514	0.000877231086329
4.0	-0.00101016536542	0.00105925549463
4.5	-0.00093601035452	0.00121664109275
5.0	-0.0008015520005	0.00133880786856
5.5	-0.00062253200268	0.00141907949399
6.0	-0.000419959824716	0.001456472056
6.5	-0.000213672122209	0.00145677890565
7.0	-1.65253766294e-05	0.00143204979541
7.5	0.000168511485188	0.00139787719442
8.0	0.000347294415	0.00136828820353
8.5	0.00053055589364	0.00134997063682
9.0	0.00072916053466	0.00134035955859
9.5	0.00095069065028	0.00133053970809
10.0	0.00119824580916	0.0013097272696
10.5	0.0014710670308	0.00126791023772
11.0	0.001765971575	0.00119610853676
11.5	0.0020787207046	0.001085178729
12.0	0.0024049170536	0.000925022781793
12.5	0.0027403760312	0.000723038146239
13.0	0.0030811746992	0.000704710010489
13.5	0.0034235585584	0.000980550950568
14.0	0.003763857103	0.00127018571373
14.5	0.004098481521	0.00153593964187
15.0	0.0044239902188	0.00178016514384
15.5	0.0047372191832	0.00200552301079
16.0	0.0050354245786	0.00221335262643
16.5	0.005316408634	0.00240421336483
17.0	0.005578599837	0.00257830488238
17.5	0.0058210760432	0.00273574341823
18.0	0.0060435419454	0.00287672708547
18.5	0.0062462526392	0.00300162038726
19.0	0.006429920556	0.00311102433497
19.5	0.0065956138378	0.0032058151166
20.0	0.0067446463912	0.0032871394625
20.5	0.0068784822516	0.00335640354897
21.0	0.00699865286	0.00341524088558
21.5	0.0071066783946	0.00346541822057
22.0	0.0072039945848	0.00350871681799
22.5	0.0072919022014	0.00354681992337
23.0	0.0073715348104	0.00358119648777
23.5	0.007443847373	0.00361301063501
24.0	0.0075096267008	0.00364308813879
24.5	0.0075695140414	0.00367192584867
25.0	0.0076240348028	0.00369973239617
25.5	0.0076736300936	0.00372649351657
26.0	0.007718683918	0.00375204573264
26.5	0.0077595445292	0.00377614997053
27.0	0.0077965392516	0.0037985526834
27.5	0.0078299827706	0.00381903540411
28.0	0.007860182272	0.00383745074762
28.5	0.0078874402638	0.00385374787541
29.0	0.0079120550862	0.00386798329577
29.5	0.0079343179016	0.00388031383712
30.0	0.007954508438	0.00389098204993
30.5	0.0079728891848	0.00390028969707
31.0	0.0079896991096	0.00390856450058
31.5	0.0080051479804	0.00391612528155
32.0	0.0080194118236	0.0039232500278
32.5	0.0080326308506	0.00393014810434
33.0	0.0080449112464	0.00393695330137
33.5	0.0080563288672	0.00394371716919
34.0	0.0080669361936	0.00395042354443
34.5	0.0080767683896	0.00395700147759
35.0	0.008085851434	0.00396334804111
35.5	0.008094208281	0.00396935053671
36.0	0.0081018642394	0.00397490412271
36.5	0.0081088514278	0.00397993045001
37.0	0.0081152095504	0.00398438368447
37.5	0.0081209878504	0.00398825943059
38.0	0.0081262428998	0.00399158875341
38.5	0.0081310360534	0.0039944417404
39.0	0.008135430149	0.00399690270331
39.5	0.008139487259	0.00399907612574
40.0	0.0081432617644	0.00400106509343
40.5	0.008146801182	0.00400295412837
41.0	0.008150143674	0.00400481772326
41.5	0.0081533136624	0.00400670005766
42.0	0.008156328036	0.00400862036754
42.5	0.008159193372	0.00401057495123
43.0	0.0081619096894	0.00401254045695
43.5	0.008164474036	0.00401447736921
44.0	0.0081668800452	0.00401634525779
44.5	0.0081691247196	0.00401810310554
45.0	0.0081712052072	0.00401971924844
45.5	0.0081731286046	0.00402116836096
46.0	0.0081748993044	0.00402244731357
46.5	0.0081765298006	0.00402356193702
47.0	0.0081780384286	0.00402453020519
47.5	0.0081794388018	0.00402537984873
48.0	0.0081807506554	0.00402614346442
48.5	0.0081819902756	0.00402685397257
49.0	0.008183171766	0.00402753991803
49.5	0.0081843057116	0.00402822701827
50.0	0.0081853987982	0.00402892827845
