0.0	0.0	0.0
0.5	-0.038802439564	0.00769012428248
1.0	-0.0388028841	0.00759422819088
1.5	-0.03928011186	0.00764590519011
2.0	-0.0396057389	0.00768100486118
2.5	-0.03979028474	0.00770726224312
3.0	-0.039890427116	0.00773295268304
3.5	-0.039945011404	0.00776142244765
4.0	-0.039978034242	0.0077936241172
4.5	-0.040004810302	0.00782955499464
5.0	-0.040035725322	0.00786886309586
5.5	-0.040078307508	0.00791111103204
6.0	-0.040138347162	0.0079558953446
6.5	-0.040220457912	0.00800288636664
7.0	-0.040328316442	0.00805179540743
7.5	-0.040464749794	0.00810233819769
8.0	-0.040631767748	0.00815420577694
8.5	-0.040830536762	0.00820706918618
9.0	-0.0410615636	0.00826062620282
9.5	-0.041324461672	0.00831436124337
10.0	-0.04161786183	0.00836799768404
10.5	-0.0419403184	0.0084220747657
11.0	-0.042291066522	0.00847739248739
11.5	-0.042669982924	0.00853415860561
12.0	-0.043077192184	0.00859121311943
12.5	-0.043512483046	0.00864544591319
13.0	-0.04397465861	0.00869170767919
13.5	-0.044461010834	0.00872358802233
14.0	-0.04496700502	0.00873465717152
14.5	-0.04548625685	0.00872007157562
15.0	-0.046010890496	0.00867769614527
15.5	-0.046532269848	0.00860876756203
16.0	-0.047041755746	0.00851751174555
16.5	-0.047531719932	0.00841028240779
17.0	-0.047996062738	0.00829435887575
17.5	-0.048430636678	0.00817660271004
18.0	-0.048833325422	0.00806253639465
18.5	-0.049203707548	0.00795601272661
19.0	-0.049542642514	0.00785902334934
19.5	-0.049851879952	0.00777198370794
20.0	-0.050133592352	0.00769427608854
20.5	-0.05039002393	0.00762472452738
21.0	-0.050623357964	0.00756184231919
21.5	-0.050835692092	0.00750410358176
22.0	-0.051028866796	0.00745032174675
22.5	-0.051204540062	0.00739959034628
23.0	-0.0513642034	0.00735137561258
23.5	-0.051509178548	0.00730553475382
24.0	-0.051640707516	0.00726213018941
24.5	-0.05175997188	0.00722136371558
25.0	-0.051868085328	0.00718350986527
25.5	-0.05196612123	0.00714879400833
26.0	-0.052055100778	0.0071173359625
26.5	-0.052136001834	0.00708910025872
27.0	-0.052209742768	0.00706387041016
27.5	-0.052277173326	0.00704128772794
28.0	-0.052339049906	0.00702090271331
28.5	-0.052396029084	0.00700223851547
29.0	-0.05244866247	0.00698483716243
29.5	-0.052497405654	0.00696830508549
30.0	-0.052542623496	0.00695235061018
30.5	-0.052584604288	0.00693678495032
31.0	-0.052623579868	0.00692153417839
31.5	-0.052659736802	0.00690661739212
32.0	-0.052693232768	0.00689212981466
32.5	-0.052724212192	0.00687820678132
33.0	-0.052752812744	0.00686499756508
33.5	-0.052779175298	0.00685263827528
34.0	-0.052803450736	0.00684122754105
34.5	-0.052825795964	0.00683081141936
35.0	-0.052846375508	0.00682137952851
35.5	-0.052865356698	0.00681287025961
36.0	-0.052882906388	0.00680517603703
36.5	-0.052899183738	0.00679816510088
37.0	-0.052914333876	0.00679169549554
37.5	-0.052928488412	0.00678562479897
38.0	-0.052941754214	0.00677983480481
38.5	-0.05295422252	0.00677423572353
39.0	-0.052965962602	0.00676876928494
39.5	-0.052977024678	0.00676340866494
40.0	-0.052987448476	0.00675816761421
40.5	-0.052997261506	0.00675306501177
41.0	-0.05300648014	0.00674814679094
41.5	-0.053015129216	0.00674345658647
42.0	-0.053023224748	0.0067390360081
42.5	-0.053030791454	0.00673491463607
43.0	-0.053037857828	0.00673110605493
43.5	-0.053044457134	0.00672760578071
44.0	-0.053050626394	0.00672439795346
44.5	-0.053056404164	0.00672144588498
45.0	-0.053061836894	0.0067187133291
45.5	-0.053066954994	0.00671615179987
46.0	-0.053071801284	0.00671372041691
46.5	-0.05307640383	0.00671138030853
47.0	-0.053080784534	0.00670910464693
47.5	-0.05308496732	0.00670687485597
48.0	-0.05308896256	0.00670468408056
48.5	-0.053092776142	0.00670253384536
49.0	-0.05309641335	0.00670043318286
49.5	-0.053099877278	0.00669839825273
50.0	-0.053103167584	0.00669644213488
