0.0	0.0	0.0
0.5	0.110597121489	0.0145621368503
1.0	0.112655584715	0.0139212607106
1.5	0.111862642615	0.0136973226753
2.0	0.111225300737	0.0136192966593
2.5	0.110812795691	0.0135792615794
3.0	0.110534119738	0.0135451911835
3.5	0.110324273718	0.0135076246827
4.0	0.11014376072	0.0134641029129
4.5	0.109968209866	0.0134144616847
5.0	0.109781801265	0.0133593367386
5.5	0.109573659595	0.0132996677694
6.0	0.109335846834	0.0132364558209
6.5	0.109062324239	0.0131706971565
7.0	0.108748444689	0.0131033579883
7.5	0.108390759241	0.0130353788699
8.0	0.107986920443	0.0129676875036
8.5	0.10753574884	0.0129012040957
9.0	0.107036999332	0.0128367420743
9.5	0.106491618239	0.0127753025127
10.0	0.105902111897	0.0127177762032
10.5	0.105271607196	0.0126639648878
11.0	0.104602485642	0.0126126624722
11.5	0.103895752372	0.0125625414066
12.0	0.103151152798	0.0125132300402
12.5	0.102367739691	0.0124664375989
13.0	0.101544825477	0.0124267286192
13.5	0.1006829607	0.0124012992235
14.0	0.0997849285044	0.0123989080811
14.5	0.0988563602597	0.0124276855287
15.0	0.0979060005916	0.0124932045285
15.5	0.0969450048297	0.0125968572825
16.0	0.0959863180789	0.0127354842895
16.5	0.0950430302992	0.0129023755093
17.0	0.0941270592991	0.0130886696833
17.5	0.0932483646991	0.0132850562141
18.0	0.0924141030076	0.0134833853953
18.5	0.0916286289147	0.0136772736008
19.0	0.0908941130044	0.013862326089
19.5	0.0902108500687	0.0140362762143
20.0	0.0895777467649	0.014198466827
20.5	0.088993049075	0.0143491775216
21.0	0.0884547195051	0.0144892592722
21.5	0.0879604014832	0.0146198906019
22.0	0.087507667649	0.0147421996077
22.5	0.0870940428695	0.0148571271
23.0	0.0867170617712	0.0149652938154
23.5	0.086374297649	0.0150669882716
24.0	0.0860633134305	0.0151622678191
24.5	0.0857816640138	0.0152510614097
25.0	0.0855269249242	0.0153332089558
25.5	0.0852967242559	0.015408567433
26.0	0.0850887657471	0.0154770957004
26.5	0.0849008234523	0.0155389149841
27.0	0.0847307660514	0.0155943662331
27.5	0.0845765880778	0.0156439909542
28.0	0.0844364502936	0.0156884793633
28.5	0.0843086902656	0.0157285864477
29.0	0.0841918569907	0.015765101739
29.5	0.0840846936444	0.0157987511221
30.0	0.0839861433662	0.0158301685368
30.5	0.0838953211989	0.0158598470226
31.0	0.083811500567	0.0158881323618
31.5	0.0837340847034	0.0159152232302
32.0	0.0836625737509	0.0159411801276
32.5	0.0835965498646	0.0159659740001
33.0	0.0835356386076	0.0159895003483
33.5	0.0834795044303	0.0160116445461
34.0	0.0834278250442	0.0160322934213
34.5	0.0833802743648	0.0160513636157
35.0	0.0833365408898	0.0160688478554
35.5	0.0832962968997	0.0160847771471
36.0	0.0832592211683	0.0160992561843
36.5	0.0832250034958	0.0161124348632
37.0	0.0831933432027	0.0161244931498
37.5	0.0831639650252	0.0161356268985
38.0	0.0831366141738	0.0161460184726
38.5	0.0831110758889	0.0161558360152
39.0	0.083087166433	0.016165206603
39.5	0.0830647359819	0.0161742203668
40.0	0.0830436692766	0.0161829291779
40.5	0.083023874603	0.0161913439476
41.0	0.0830052814534	0.0161994467742
41.5	0.0829878331991	0.016207203254
42.0	0.08297148091	0.0162145710917
42.5	0.0829561792768	0.0162215142051
43.0	0.0829418757098	0.0162280011988
43.5	0.082928519736	0.0162340288522
44.0	0.0829160445684	0.0162395953701
44.5	0.0829043871335	0.0162447336062
45.0	0.0828934723164	0.01624947888
45.5	0.0828832348432	0.0162538934163
46.0	0.0828736000166	0.0162580255846
46.5	0.0828645046957	0.0162619337635
47.0	0.0828558920999	0.0162656688572
47.5	0.0828477118396	0.0162692658582
48.0	0.0828399265756	0.0162727528874
48.5	0.0828325097608	0.0162761473294
49.0	0.0828254441787	0.0162794516346
49.5	0.0828187115881	0.0162826545074
50.0	0.0828123046984	0.0162857444481
