0.0	0.0	0.0
0.5	-0.0386068236478	0.00743466451698
1.0	-0.0386073647705	0.00735891660269
1.5	-0.0390821768593	0.00739961404193
2.0	-0.0394061673945	0.00742730624984
2.5	-0.0395897747237	0.00744804783381
3.0	-0.0396893871856	0.00746836181619
3.5	-0.039743656507	0.00749089564906
4.0	-0.0397764617712	0.00751640961282
4.5	-0.0398030442015	0.00754491060296
5.0	-0.0398337401766	0.00757612777609
5.5	-0.0398760433375	0.00760972424368
6.0	-0.0399357179358	0.00764538825222
6.5	-0.0400173560896	0.00768286500714
7.0	-0.0401246196322	0.00772193226149
7.5	-0.040260322249	0.00776237030105
8.0	-0.0404264642887	0.00780393578569
8.5	-0.0406242089838	0.00784636931252
9.0	-0.040854060068	0.00788943200686
9.5	-0.0411156337084	0.00793270893319
10.0	-0.0414075652591	0.00797597604853
10.5	-0.041728414292	0.00801967301496
11.0	-0.0420774233326	0.00806445925925
11.5	-0.0424544800146	0.00811052070496
12.0	-0.0428597237109	0.0081569357727
12.5	-0.0432929655152	0.0082011765486
13.0	-0.043753028843	0.00823902411393
13.5	-0.0442372264542	0.00826519458292
14.0	-0.0447410381751	0.00827436953138
14.5	-0.0452580852342	0.00826254763012
15.0	-0.0457804957025	0.00822799599102
15.5	-0.0462996408492	0.00817180457197
16.0	-0.0468068950287	0.00809755275947
16.5	-0.0472946534997	0.00801055010623
17.0	-0.0477568450137	0.00791681761673
17.5	-0.0481893521834	0.00782196169961
18.0	-0.0485900872271	0.00773042944712
18.5	-0.0489586489377	0.00764527104228
19.0	-0.0492959091126	0.00756800475849
19.5	-0.0496036216998	0.00749888505269
20.0	-0.0498839557118	0.00743734912631
20.5	-0.0501391469697	0.00738240731262
21.0	-0.0503713685898	0.00733283928224
21.5	-0.0505827032105	0.00728740791734
22.0	-0.050774975884	0.00724515793544
22.5	-0.0509498342503	0.00720536418308
23.0	-0.051108755517	0.00716759969389
23.5	-0.0512530521427	0.00713174607577
24.0	-0.0513839574376	0.0070978482488
24.5	-0.0515026454094	0.00706605857177
25.0	-0.0516102281266	0.00703658482358
25.5	-0.0517077740562	0.00700959467377
26.0	-0.0517963069039	0.00698517249141
26.5	-0.0518767974592	0.00696328196907
27.0	-0.0519501664138	0.00694374614753
27.5	-0.0520172590166	0.00692627835689
28.0	-0.0520788306495	0.00691052442602
28.5	-0.0521355335454	0.00689610859943
29.0	-0.0521879178124	0.00688267306713
29.5	-0.0522364333283	0.00686991201152
30.0	-0.0522814414175	0.00685759746627
30.5	-0.0523232298214	0.00684558533455
31.0	-0.0523620251493	0.00683381796657
31.5	-0.052398012584	0.00682231292369
32.0	-0.0524313487138	0.00681114389892
32.5	-0.052462175161	0.00680041656879
33.0	-0.0524906320637	0.00679024699482
33.5	-0.0525168590765	0.00678073925593
34.0	-0.0525410063537	0.00677196826821
34.5	-0.0525632320298	0.00676396881702
35.0	-0.0525837006775	0.00675673071225
35.5	-0.0526025810835	0.00675020471417
36.0	-0.0526200384819	0.00674430687247
36.5	-0.0526362320687	0.00673893362144
37.0	-0.0526513070694	0.0067339748849
37.5	-0.0526653916921	0.00672932138523
38.0	-0.0526785946211	0.00672488084805
38.5	-0.0526910042626	0.0067205857893
39.0	-0.052702689213	0.00671639090679
39.5	-0.0527136997734	0.00671227783859
40.0	-0.0527240723924	0.00670825418813
40.5	-0.0527338369075	0.00670434044732
41.0	-0.0527430094507	0.00670056856432
41.5	-0.0527516126461	0.00669697432806
42.0	-0.0527596641737	0.00669358838393
42.5	-0.0527671902073	0.00669043375479
43.0	-0.0527742172891	0.00668752059151
43.5	-0.0527807804857	0.00668484533591
44.0	-0.052786914882	0.00668239302705
44.5	-0.0527926628208	0.00668013751918
45.0	-0.0527980643845	0.00667804931771
45.5	-0.052803159125	0.0066760914363
46.0	-0.0528079797064	0.00667423111939
46.5	-0.0528125594692	0.00667244091074
47.0	-0.0528169209227	0.00667069835742
47.5	-0.0528210825366	0.00666899150845
48.0	-0.0528250580628	0.0066673132395
48.5	-0.0528288525307	0.00666566612692
49.0	-0.0528324721167	0.00666405902958
49.5	-0.0528359189864	0.0066625014674
50.0	-0.0528391910879	0.00666100550142
