0.0	0.0	0.0
0.5	0.000857376271042	0.00232294016085
1.0	0.00293370490356	0.00313741016028
1.5	0.00598402988943	0.00380134383032
2.0	0.0102330381692	0.004452429318
2.5	0.015873494422	0.0051520336199
3.0	0.0230057684642	0.00594003539523
3.5	0.0317702566943	0.00685403666375
4.0	0.0424121147477	0.00796710032235
4.5	0.0555866964938	0.00972395469223
5.0	0.0734619205189	0.0132676739747
5.5	0.0990427188152	0.0173448625381
6.0	0.129905486946	0.0171272116939
6.5	0.156472798594	0.0118652314982
7.0	0.171210039506	0.00612798067823
7.5	0.173464691525	0.0083953232629
8.0	0.166659784656	0.0114573156332
8.5	0.154949434086	0.0129191123145
9.0	0.141596320304	0.0132871967578
9.5	0.128572701374	0.0131067308287
10.0	0.11677205036	0.0127069307419
10.5	0.106416413613	0.0122190167835
11.0	0.0974140640622	0.0116678392561
11.5	0.0895798408319	0.0110469996287
12.0	0.082734236885	0.0103570720137
12.5	0.0767322257774	0.00961383418271
13.0	0.071459714739	0.00884523237128
13.5	0.0668241143427	0.00808244745061
14.0	0.0627451582942	0.00735619655632
14.5	0.0591488890417	0.00669149810041
15.0	0.055967010076	0.00610792838949
15.5	0.0531353368974	0.00561575366404
16.0	0.0505978623988	0.00522227252602
16.5	0.0483050932668	0.00492883633485
17.0	0.046214859089	0.0047261256635
17.5	0.0442943286219	0.00459319304488
18.0	0.0425208396483	0.00450381944491
18.5	0.0408789635343	0.00443180130366
19.0	0.0393592431566	0.00435591912749
19.5	0.0379567219234	0.00426183133664
20.0	0.0366692760458	0.00414288435618
20.5	0.0354962499646	0.00400333894521
21.0	0.0344374570227	0.00386690313479
21.5	0.0334920526054	0.00378509310104
22.0	0.0326574369336	0.0038140568055
22.5	0.0319287599266	0.00395291420113
23.0	0.031298885954	0.00414613457219
23.5	0.0307586427986	0.00434231483728
24.0	0.0302972984122	0.00451302199379
24.5	0.0299031918822	0.00464552624489
25.0	0.0295644341404	0.00473616204288
25.5	0.0292696485498	0.00478725354051
26.0	0.0290085923321	0.00480565065135
26.5	0.0287726074052	0.0048016621021
27.0	0.0285548389221	0.00478781961414
27.5	0.028350319851	0.00477707605092
28.0	0.0281558880005	0.00478048328953
28.5	0.0279699974796	0.00480492520397
29.0	0.0277924513485	0.00485199102288
29.5	0.0276240858049	0.00491859941591
30.0	0.0274663425448	0.0049988884352
30.5	0.027320953656	0.0050860865827
31.0	0.0271895805277	0.00517375061094
31.5	0.0270734372226	0.00525641109861
32.0	0.0269731731581	0.00532969312781
32.5	0.0268887236484	0.00539043770538
33.0	0.0268192425807	0.00543686708776
33.5	0.0267632348042	0.00546861640453
34.0	0.0267186928862	0.00548675206584
34.5	0.026683289533	0.00549364930441
35.0	0.0266546038619	0.00549267593294
35.5	0.0266303466666	0.00548771870991
36.0	0.0266085447126	0.00548261636037
36.5	0.0265876865253	0.00548060365246
37.0	0.0265668059482	0.00548387938124
37.5	0.0265454951293	0.00549339803836
38.0	0.0265238624186	0.00550891210235
38.5	0.0265024249493	0.00552921801711
39.0	0.0264819729245	0.00555250581299
39.5	0.0264634114269	0.00557671123055
40.0	0.0264476036674	0.00559982865485
40.5	0.0264352372688	0.00562013568264
41.0	0.0264267328775	0.005636355839
41.5	0.0264221899912	0.00564774919994
42.0	0.0264213879524	0.00565414552242
42.5	0.0264238236073	0.00565592278789
43.0	0.026428782368	0.00565392098118
43.5	0.0264354322365	0.00564930639101
44.0	0.0264429282119	0.00564338983415
44.5	0.0264505034061	0.00563744691429
45.0	0.0264575529358	0.00563254436185
45.5	0.026463679037	0.00562942082254
46.0	0.0264687131062	0.00562842815224
46.5	0.0264727058015	0.00562953618545
47.0	0.026475889735	0.005632394663
47.5	0.0264786184694	0.00563642892251
48.0	0.0264813053116	0.00564094841436
48.5	0.0264843559807	0.00564525170352
49.0	0.0264881080831	0.00564872360171
49.5	0.026492794331	0.00565089438115
50.0	0.0264985139604	0.00565149080291
