0.0	0.0	0.0
0.5	-0.0174590225592	0.00525187588755
1.0	-0.0238367437174	0.00599987862974
1.5	-0.0283647347277	0.00654765376492
2.0	-0.0329774935438	0.0071005725127
2.5	-0.038520733073	0.00778352893873
3.0	-0.0453309492163	0.00866982333313
3.5	-0.0535704283777	0.00981134810814
4.0	-0.0633510925174	0.0112807088367
4.5	-0.0749137367536	0.0133167405938
5.0	-0.0888425352776	0.0161289754703
5.5	-0.104759332553	0.0182754598338
6.0	-0.118873569043	0.0177396291144
6.5	-0.126326773045	0.0154054641078
7.0	-0.125964948913	0.0132370702723
7.5	-0.120002625048	0.0120027520868
8.0	-0.11136411271	0.0115747111223
8.5	-0.102254557046	0.0115937315473
9.0	-0.0938939035848	0.0117679055737
9.5	-0.0867357227758	0.0119392392203
10.0	-0.0807911955035	0.0120524816039
10.5	-0.0758886717625	0.0121013032545
11.0	-0.0718229704181	0.0120896269322
11.5	-0.0684149411311	0.0120168236139
12.0	-0.0655231804867	0.0118767567246
12.5	-0.0630379000325	0.0116640225833
13.0	-0.0608718857636	0.0113771618102
13.5	-0.0589541449586	0.0110203542417
14.0	-0.0572283964995	0.0106067555747
14.5	-0.0556495516692	0.0101547719599
15.0	-0.0541840577126	0.00968624309749
15.5	-0.0528089962545	0.00922675224569
16.0	-0.051510600431	0.00880689490494
16.5	-0.0502860544756	0.0084502496962
17.0	-0.0491373718098	0.00817355908664
17.5	-0.0480662878734	0.0079903570455
18.0	-0.0470780418978	0.00790406798808
18.5	-0.0461796409259	0.0079057089491
19.0	-0.0453760446685	0.00797738748326
19.5	-0.0446687393295	0.00809607802483
20.0	-0.0440552470047	0.00823795535002
20.5	-0.0435293859719	0.00838187733492
21.0	-0.0430822783791	0.00851064839648
21.5	-0.0427034712353	0.00861114540301
22.0	-0.042381546763	0.00867486673483
22.5	-0.0421046057063	0.0086985969613
23.0	-0.0418609998562	0.00868453910449
23.5	-0.0416401331605	0.00863977479542
24.0	-0.0414331461385	0.00857512248148
24.5	-0.0412333496694	0.00850354555703
25.0	-0.04103638015	0.00843829791536
25.5	-0.0408401479875	0.00839098056934
26.0	-0.0406446037996	0.00836983815556
26.5	-0.0404513478961	0.00837874141671
27.0	-0.0402631159518	0.00841703813361
27.5	-0.0400832499172	0.00848028198929
28.0	-0.0399151589891	0.00856146140915
28.5	-0.039761923115	0.00865231872025
29.0	-0.0396259733222	0.00874457299743
29.5	-0.0395087697943	0.00883086581866
30.0	-0.0394108025393	0.00890537615921
30.5	-0.039331488248	0.00896426411356
31.0	-0.0392692809672	0.00900587357952
31.5	-0.0392218798783	0.00903067333369
32.0	-0.0391864931328	0.00904100441211
32.5	-0.0391601307897	0.00904061121675
33.0	-0.0391398654882	0.00903406285411
33.5	-0.0391231387735	0.00902601097405
34.0	-0.039107932224	0.00902056242142
34.5	-0.0390928681972	0.00902078812626
35.0	-0.0390772577407	0.0090284044061
35.5	-0.0390610704465	0.0090437118428
36.0	-0.0390448140653	0.00906576449819
36.5	-0.0390293863419	0.00909268158316
37.0	-0.0390158897016	0.00912204203087
37.5	-0.0390054366644	0.00915127589913
38.0	-0.038998983775	0.00917801521485
38.5	-0.0389971879956	0.0092003632936
39.0	-0.0390003274855	0.00921707335857
39.5	-0.039008274438	0.00922762915103
40.0	-0.0390205239152	0.0092322346055
40.5	-0.0390362646238	0.0092317205922
41.0	-0.0390544874085	0.00922738010001
41.5	-0.0390741204834	0.00922074597124
42.0	-0.0390941458714	0.0092133733251
42.5	-0.0391137014811	0.00920664184542
43.0	-0.0391321598004	0.00920159464097
43.5	-0.0391491677834	0.0091988466839
44.0	-0.0391646566985	0.00919855774847
44.5	-0.0391788038863	0.00920047927338
45.0	-0.0391919793559	0.00920404018019
45.5	-0.0392046672314	0.00920847335807
46.0	-0.0392173812368	0.00921294030692
46.5	-0.0392305876931	0.00921665562677
47.0	-0.0392446407705	0.00921898190041
47.5	-0.0392597447864	0.00921950012521
48.0	-0.0392759347757	0.00921803944514
48.5	-0.0392930875987	0.00921467389745
49.0	-0.0393109463503	0.00920968919597
49.5	-0.0393291689313	0.00920352811805
50.0	-0.0393473760817	0.00919671087321
