0.0	0.0	0.0
0.5	-0.001029451214	0.001863206905
1.0	-0.00111223322581	0.00128242540663
1.5	-0.00115914254988	0.00138447957187
2.0	-0.00127106870195	0.00170635559133
2.5	-0.00141851218776	0.00198458890567
3.0	-0.00153964172441	0.00225422138878
3.5	-0.00158361032687	0.00249904950012
4.0	-0.00152181384693	0.00270530015575
4.5	-0.00134966772395	0.00286495086394
5.0	-0.0010842767704	0.00297371391738
5.5	-0.000758036008619	0.00303082803822
6.0	-0.000408609485435	0.00304027461363
6.5	-6.76136631892e-05	0.00301200114132
7.0	0.000248171024683	0.00296178296812
7.5	0.000539678780581	0.00290852044188
8.0	0.00082172125889	0.00286817611976
8.5	0.00111508277103	0.00284655381177
9.0	0.00143845299876	0.00283760384381
9.5	0.00180348098106	0.00282828423231
10.0	0.00221378433017	0.00280438724679
10.5	0.00266669133085	0.00275301543911
11.0	0.00315592332538	0.00266149562924
11.5	0.00367388882335	0.00251382936556
12.0	0.00421305509641	0.00228778343286
12.5	0.00476644725564	0.00202601637369
13.0	0.00532763144001	0.00220343379143
13.5	0.0058905035965	0.00258955526547
14.0	0.00644911383565	0.00291791573719
14.5	0.00699764612457	0.00319698439177
15.0	0.00753051728979	0.00344188122305
15.5	0.00804258445022	0.00366118690366
16.0	0.00852939237066	0.00385959011016
16.5	0.00898738639542	0.00403964312391
17.0	0.00941404438503	0.00420272413045
17.5	0.0098079198408	0.00434958855605
18.0	0.0101685984183	0.00448072244356
18.5	0.0104965760314	0.0045965652157
19.0	0.0107931050524	0.00469768127555
19.5	0.0110600236778	0.00478486352923
20.0	0.011299569946	0.00485917878391
20.5	0.0115142277662	0.00492198275591
21.0	0.0117065831753	0.00497489816115
21.5	0.0118791853989	0.0050197015289
22.0	0.0120344245013	0.0050581945816
22.5	0.012174449107	0.00509207619886
23.0	0.0123011127569	0.00512280497122
23.5	0.0124159621896	0.00515150708081
24.0	0.0125202616156	0.00517894542799
24.5	0.0126150361152	0.00520553508975
25.0	0.0127011250574	0.00523139365544
25.5	0.0127792367256	0.00525641638001
26.0	0.0128499937243	0.00528035933364
26.5	0.0129139681174	0.00530291539921
27.0	0.0129717026649	0.00532378377362
27.5	0.0130237244153	0.00534271493591
28.0	0.0130705505606	0.0053595532899
28.5	0.0131126912844	0.00537425559115
29.0	0.0131506500724	0.00538690087477
29.5	0.0131849152269	0.00539768069552
30.0	0.0132159543412	0.00540687538784
30.5	0.0132442004933	0.00541482308847
31.0	0.0132700444631	0.00542188159112
31.5	0.0132938207488	0.00542838805579
32.0	0.0133158054671	0.0054346235401
32.5	0.0133362118315	0.00544079190724
33.0	0.0133551936146	0.00544700437102
33.5	0.0133728560777	0.00545328724789
34.0	0.01338926681	0.00545959085313
34.5	0.0134044668988	0.0054658137302
35.0	0.0134184866274	0.00547182502464
35.5	0.0134313545131	0.00547748970191
36.0	0.0134431077157	0.00548268860026
36.5	0.0134537966008	0.00548733705649
37.0	0.0134634889078	0.00549139196923
37.5	0.0134722665461	0.00549485450647
38.0	0.013480226406	0.00549777072715
38.5	0.013487471795	0.00550021845311
39.0	0.0134941095237	0.00550230167506
39.5	0.0135002400338	0.00550413155035
40.0	0.0135059545536	0.00550581683667
40.5	0.0135113279554	0.00550745206427
41.0	0.0135164161095	0.00550910436189
41.5	0.0135212576489	0.00551081658348
42.0	0.0135258709476	0.00551259975965
42.5	0.0135302633047	0.00551443881754
43.0	0.0135344276217	0.00551630052734
43.5	0.0135383548763	0.00551813927921
44.0	0.0135420316356	0.00551990548047
44.5	0.0135454501536	0.00552155426969
45.0	0.0135486091475	0.00552304879784
45.5	0.0135515142629	0.00552437056262
46.0	0.0135541791549	0.00552551472257
46.5	0.0135566267277	0.00552649145075
47.0	0.013558883251	0.00552732426358
47.5	0.013560978356	0.00552804624931
48.0	0.0135629433529	0.00552869306352
48.5	0.0135648023918	0.00552929947439
49.0	0.0135665808575	0.00552989773659
49.5	0.0135682945198	0.00553050908648
50.0	0.0135699529088	0.00553114881251
