0.0	0.0	0.0
0.5	-0.000569517987614	0.00166003840387
1.0	-0.000641872729018	0.00141161125051
1.5	-0.000691206296276	0.00105680127676
2.0	-0.000771902897029	0.00122658098434
2.5	-0.000872949772062	0.00156895423911
3.0	-0.000963107305215	0.0018535922313
3.5	-0.00101360573558	0.00210087306355
4.0	-0.00100539434683	0.00230963958143
4.5	-0.000931611508273	0.00247663720342
5.0	-0.000797799387502	0.00259938168554
5.5	-0.000619623719013	0.00267724896215
6.0	-0.000417999241774	0.00271284215319
6.5	-0.000212677878738	0.00271313374005
7.0	-1.64656497321e-05	0.00268964450303
7.5	0.000167676506488	0.00265688238848
8.0	0.000345578998025	0.00262822129503
8.5	0.000527932622468	0.00261033798253
9.0	0.000725561105173	0.00260091282814
9.5	0.000946018786751	0.0025912530203
10.0	0.00119239439005	0.00257066727843
10.5	0.00146393297515	0.00252883875795
11.0	0.00175746424788	0.00245548702302
11.5	0.00206876563852	0.00233795608169
12.0	0.00239345562027	0.00215761039329
12.5	0.00272736422516	0.00190684617847
13.0	0.0030665828935	0.00188246952171
13.5	0.00340737089279	0.00222171201066
14.0	0.00374607264052	0.00253111995763
14.5	0.00407911474261	0.00278715399605
15.0	0.00440307124109	0.00300571697377
15.5	0.00471479332092	0.00319670423691
16.0	0.00501155058289	0.00336576281262
16.5	0.00529115679317	0.00351626468954
17.0	0.00555204934918	0.00365033793431
17.5	0.00579331213522	0.0037694324225
18.0	0.00601465375473	0.00387464366444
18.5	0.0062163308232	0.00396689908937
19.0	0.00639905569778	0.00404709309741
19.5	0.00656389504919	0.00411617369996
20.0	0.00671215996696	0.00417518152697
20.5	0.00684531066626	0.00422527233936
21.0	0.0069648736193	0.00426771585794
21.5	0.00707236243197	0.00430384363848
22.0	0.00716920566792	0.00433497463541
22.5	0.00725669604601	0.00436234192599
23.0	0.00733595888905	0.00438701447512
23.5	0.00740794134686	0.00440983574861
24.0	0.0074734229735	0.00443140228872
24.5	0.00753303883521	0.00445207226482
25.0	0.00758730954901	0.00447199597081
25.5	0.00763667243547	0.0044911633309
26.0	0.00768150910459	0.00450945746788
26.5	0.00772216629765	0.00452670741182
27.0	0.00775897055126	0.00454273228064
27.5	0.00779223657385	0.00455737662676
28.0	0.00782227188136	0.00457053627206
28.5	0.00784937937632	0.00458217634267
29.0	0.00787385777043	0.00459233886444
29.5	0.00789599835451	0.00460113786648
30.0	0.00791608035219	0.00460874852104
30.5	0.00793436548092	0.00461538801201
31.0	0.00795109156555	0.00462129180176
31.5	0.0079664668999	0.00462668845721
32.0	0.00798066526912	0.00463177653192
32.5	0.00799382512425	0.00463670556575
33.0	0.00800605104623	0.00464157030816
33.5	0.00801741746434	0.00464640684118
34.0	0.00802797569597	0.00465120246877
34.5	0.00803776053195	0.00465590566241
35.0	0.00804679728717	0.00466044208233
35.5	0.0080551092214	0.00466473072004
36.0	0.0080627221912	0.00466869672403
36.5	0.00806966835214	0.00467228401927
37.0	0.00807598866775	0.00467546058768
37.5	0.00808173230425	0.00467822351926
38.0	0.0080869561895	0.00468059608102
38.5	0.00809172168027	0.00468262845692
39.0	0.00809609209575	0.00468438214761
39.5	0.0081001282713	0.00468593152191
40.0	0.00810388527382	0.0046873501315
40.5	0.00810740884591	0.00468869956719
41.0	0.00811073704337	0.0046900315017
41.5	0.00811389393831	0.00469137784999
42.0	0.00811689579018	0.00469275180512
42.5	0.00811974843686	0.00469415013728
43.0	0.00812245242845	0.00469555571603
43.5	0.00812500299018	0.00469694059543
44.0	0.00812739622523	0.00469827497799
44.5	0.0081296278686	0.00469952996883
45.0	0.00813169692604	0.00470068288808
45.5	0.00813360642302	0.00470171638693
46.0	0.00813536693652	0.00470262746576
46.5	0.008136988084	0.00470342134269
47.0	0.00813848690214	0.00470411066772
47.5	0.00813988011901	0.00470471619764
48.0	0.00814118531328	0.00470526045077
48.5	0.00814241944138	0.00470576737182
49.0	0.00814359530883	0.00470625785082
49.5	0.00814472383356	0.00470674917376
50.0	0.00814581334399	0.00470725106019
