0.0	0.0	0.0
0.5	-0.001024279712	4.6967465036e-05
1.0	-0.00110648518	1.05791961013e-05
1.5	-0.00115308364	1.43678233646e-05
2.0	-0.0012643529	3.30916492396e-05
2.5	-0.00141091824	6.03402213441e-05
3.0	-0.00153128026	9.98750843665e-05
3.5	-0.00157488732	0.000149691651465
4.0	-0.00151332154	0.000203718446224
4.5	-0.001342053118	0.00025396421911
5.0	-0.001078110432	0.000292685461744
5.5	-0.000753705878	0.000314527034124
6.0	-0.00040626487064	0.000318240808246
6.5	-6.718131434e-05	0.000307211041953
7.0	0.00024690271638	0.000288257267728
7.5	0.0005369348354	0.000269033000609
8.0	0.0008176232	0.000255062945374
8.5	0.001109588396	0.000247779061399
9.0	0.0014313672	0.000244797532977
9.5	0.00179450924	0.000241713252176
10.0	0.0022025964	0.000233946697491
10.5	0.00265297202	0.000217856480475
11.0	0.00313940456	0.000191140322992
11.5	0.00365436298	0.000153036945594
12.0	0.0041903772	0.000105687473859
12.5	0.00474053172	6.52797997806e-05
13.0	0.0052984471	9.10369280366e-05
13.5	0.00585806896	0.000171656991433
14.0	0.00641349292	0.000272013126559
14.5	0.00695894436	0.000383757395726
15.0	0.00748887674	0.000503138425238
15.5	0.0079981793	0.00062710713594
16.0	0.00848242216	0.000752761165951
16.5	0.00893806844	0.00087731123455
17.0	0.0093626056	0.000998169489409
17.5	0.00975458596	0.00111305252132
18.0	0.01011358684	0.00122008243894
18.5	0.0104400862	0.0013178500737
19.0	0.01073531158	0.00140547385944
19.5	0.0110010698	0.00148261851472
20.0	0.0112395697	0.00154947622557
20.5	0.0114532632	0.00160672509836
21.0	0.01164471228	0.00165546697648
21.5	0.01181644738	0.00169707946489
22.0	0.01197085086	0.00173306580669
22.5	0.01211006898	0.00176490569234
23.0	0.0122359601	0.0017939040825
23.5	0.01235008216	0.0018210864248
24.0	0.01245370934	0.00184715571698
24.5	0.01254787718	0.00187249690077
25.0	0.01263343142	0.0018972178462
25.5	0.0127110857	0.00192121461183
26.0	0.01278145978	0.00194424877585
26.5	0.0128451206	0.00196601626303
27.0	0.01290260558	0.00198621817555
27.5	0.012954428	0.00200459929037
28.0	0.01300109276	0.00202099655754
28.5	0.01304309758	0.00203535297202
29.0	0.0130809355	0.00204773063002
29.5	0.01311508352	0.00205830498288
30.0	0.0131460017	0.00206733896361
30.5	0.01317411924	0.00207515408482
31.0	0.01319982652	0.00208209372102
31.5	0.01322346068	0.00208848659039
32.0	0.01324530118	0.00209460515926
32.5	0.01326556498	0.00210065240871
33.0	0.01328441366	0.00210673919446
33.5	0.01330195668	0.00211289531851
34.0	0.013318265	0.00211907523013
34.5	0.01333338116	0.00212518280772
35.0	0.01334733718	0.00213109129157
35.5	0.01336015824	0.00213666876023
36.0	0.01337187792	0.00214179676541
36.5	0.013382545	0.00214639136221
37.0	0.01339221944	0.00215040744737
37.5	0.0134009828	0.00215384360693
38.0	0.01340892472	0.00215674161722
38.5	0.01341615064	0.00215917605547
39.0	0.01342276194	0.00216124790006
39.5	0.01342886114	0.00216306421645
40.0	0.01343454018	0.00216473254117
40.5	0.0134398733	0.0021663480498
41.0	0.01344492194	0.00216797530032
41.5	0.01344972454	0.00216966033225
42.0	0.01345430234	0.00217141399789
42.5	0.01345866338	0.00217322363627
43.0	0.0134628037	0.00217505802843
43.5	0.01346671202	0.00217687313511
44.0	0.01347037584	0.00217861945982
44.5	0.01347378656	0.00218025353665
45.0	0.01347694078	0.00218173729389
45.5	0.01347984182	0.00218305272836
46.0	0.01348250514	0.00218419243873
46.5	0.01348494884	0.00218516732964
47.0	0.01348720046	0.0021859975926
47.5	0.01348928812	0.00218671778005
48.0	0.01349124052	0.00218736082526
48.5	0.0134930896	0.00218796181124
49.0	0.01349485356	0.00218855388041
49.5	0.01349655282	0.00218915622051
50.0	0.0134981971	0.0021897860931
