0.0	0.0	0.0
0.5	-0.0173801346	0.00191698087136
1.0	-0.0237294986	0.00266355077581
1.5	-0.0282376338	0.00323313388672
2.0	-0.0328301566	0.00381807096022
2.5	-0.0383491896	0.00454748490627
3.0	-0.0451299768	0.00549819464754
3.5	-0.0533343248	0.00672237972021
4.0	-0.0630745386	0.00829270747051
4.5	-0.0745929224	0.0104561183469
5.0	-0.088463782	0.0134120654134
5.5	-0.1042885216	0.015640872405
6.0	-0.1183064784	0.0150716443803
6.5	-0.125709902	0.0126241326624
7.0	-0.125350458	0.0103385848055
7.5	-0.119422862	0.00903241540873
8.0	-0.1108317574	0.00858137882304
8.5	-0.1017695944	0.00860582559245
9.0	-0.0934503366	0.00879427574193
9.5	-0.0863259854	0.00897841045311
10.0	-0.0804083192	0.00909984257862
10.5	-0.0755269508	0.00915224073612
11.0	-0.0714779512	0.00914010048784
11.5	-0.0680832916	0.00906301258476
12.0	-0.0652024446	0.00891455403937
12.5	-0.0627264096	0.00868907990097
13.0	-0.0605685928	0.00838486210652
13.5	-0.058658622	0.00800618089408
14.0	-0.0569406802	0.00756676438596
14.5	-0.055370054	0.00708583965821
15.0	-0.0539134016	0.00658664376061
15.5	-0.0525480008	0.00609646726859
16.0	-0.051260011	0.00564812723402
16.5	-0.0500463526	0.00526712374962
17.0	-0.0489087364	0.00497155740073
17.5	-0.0478485188	0.00477589100499
18.0	-0.0468704758	0.00468363745781
18.5	-0.0459811574	0.00468503598231
19.0	-0.045185141	0.00476092092248
19.5	-0.0444836598	0.00488676978397
20.0	-0.043874164	0.00503728036065
20.5	-0.043350577	0.00519004068179
21.0	-0.0429042818	0.00532686226411
21.5	-0.0425251858	0.00543389713272
22.0	-0.0422023106	0.00550218159654
22.5	-0.0419242152	0.00552830855029
23.0	-0.041679674	0.00551454902683
23.5	-0.0414584298	0.00546830101176
24.0	-0.0412518396	0.00540089736536
24.5	-0.0410532988	0.00532596216141
25.0	-0.040858391	0.00525746094069
25.5	-0.0406648608	0.00520765759095
26.0	-0.0404724124	0.00518530781623
26.5	-0.0402823516	0.00519457136833
27.0	-0.040097125	0.00523483857173
27.5	-0.039919825	0.00530149339717
28.0	-0.0397536824	0.00538719806037
28.5	-0.0396016794	0.00548329317912
29.0	-0.0394662436	0.00558107621959
29.5	-0.0393489154	0.00567280120735
30.0	-0.0392503258	0.00575232018209
30.5	-0.0391700796	0.00581554624054
31.0	-0.039106825	0.00586066047665
31.5	-0.0390584458	0.00588806418046
32.0	-0.039022296	0.0059001216784
32.5	-0.038995485	0.00590068677401
33.0	-0.0389751236	0.00589450477459
33.5	-0.038958639	0.00588644618621
34.0	-0.0389439508	0.00588084944005
34.5	-0.038929585	0.00588099416721
35.0	-0.0389147438	0.00588876494673
35.5	-0.03889928	0.00590456312912
36.0	-0.0388836062	0.00592747717187
36.5	-0.0388685486	0.00595559869737
37.0	-0.0388551724	0.00598643012562
37.5	-0.0388445886	0.00601729214994
38.0	-0.038837781	0.00604569260815
38.5	-0.0388354626	0.00606960861369
39.0	-0.0388379806	0.00608768513193
39.5	-0.0388452806	0.00609932463904
40.0	-0.0388569244	0.00610467891038
40.5	-0.038872156	0.00610456896485
41.0	-0.0388899992	0.00610030887745
41.5	-0.0389093988	0.00609349081214
42.0	-0.0389293274	0.00608574414263
42.5	-0.0389489026	0.00607853859636
43.0	-0.0389674572	0.00607300345231
43.5	-0.0389845978	0.00606982804237
44.0	-0.0390002106	0.00606922324537
44.5	-0.0390144358	0.00607097240452
45.0	-0.0390276184	0.00607450568364
45.5	-0.0390402276	0.00607903673942
46.0	-0.0390527756	0.00608368870885
46.5	-0.0390657412	0.00608762823906
47.0	-0.0390794992	0.00609016685187
47.5	-0.0390942784	0.00609084124278
48.0	-0.0391101438	0.00608944184117
48.5	-0.0391269936	0.00608601898583
49.0	-0.0391445954	0.00608085217118
49.5	-0.0391626166	0.00607439092097
50.0	-0.039180683	0.00606717664212
