0.0	0.0	0.0
0.5	0.000853657944	0.000112427401918
1.0	0.00292073314	0.000358108168373
1.5	0.00595735864	0.000714964947558
2.0	0.01018716866	0.00119710307849
2.5	0.0158020092	0.00182168334872
3.0	0.0229017438	0.00260203277434
3.5	0.0316260666	0.00355533051
4.0	0.0422200146	0.00474276324724
4.5	0.0553426968	0.0066310803711
5.0	0.0731490678	0.0103979024924
5.5	0.0985831438	0.0146509100829
6.0	0.129229412	0.0144006246281
6.5	0.155618576	0.00884511432262
7.0	0.170273124	0.00264024154767
7.5	0.172528702	0.00511012023959
8.0	0.165776116	0.00841865231755
8.5	0.154140624	0.0099805627097
9.0	0.140866178	0.0103754667128
9.5	0.127915884	0.0101882153122
10.0	0.1161802666	0.00976766877612
10.5	0.1058813436	0.00925268108742
11.0	0.0969282942	0.00866949279382
11.5	0.0891368282	0.00801095672308
12.0	0.0823282194	0.00727715861291
12.5	0.076357988	0.0064844690471
13.0	0.071112531	0.00566271088079
13.5	0.066499754	0.00484625751701
14.0	0.0624398938	0.00407035598548
14.5	0.058859544	0.00336531798872
15.0	0.055691051	0.00275585722577
15.5	0.052870877	0.00225515410893
16.0	0.0503436266	0.00186936009506
16.5	0.0480604168	0.00159392884858
17.0	0.045979609	0.00141170433266
17.5	0.0440687482	0.00129654565229
18.0	0.0423053762	0.00122137482146
18.5	0.0406740768	0.00116227797866
19.0	0.039165231	0.00110147054961
19.5	0.0377735876	0.00102812116368
20.0	0.0364966468	0.0009386953428
20.5	0.0353333312	0.000838737020493
21.0	0.0342830646	0.000746595885068
21.5	0.0333446986	0.000694596296637
22.0	0.0325154616	0.000714526120759
22.5	0.0317904924	0.000808661474392
23.0	0.0311627902	0.000948425379515
23.5	0.0306234528	0.00110048959996
24.0	0.0301621036	0.00124050133056
24.5	0.0297674834	0.00135381415334
25.0	0.029428097	0.00143370970452
25.5	0.029132907	0.00147990257251
26.0	0.0288719214	0.00149728620284
26.5	0.0286366232	0.0014946256813
27.0	0.028420191	0.00148302883787
27.5	0.0282175798	0.00147402198324
28.0	0.0280254704	0.00147740560114
28.5	0.027842103	0.00149938123857
29.0	0.0276670496	0.00154168723283
29.5	0.0275009282	0.00160207263567
30.0	0.027345005	0.00167573901067
30.5	0.0272009006	0.0017568106319
31.0	0.027070235	0.00183939392805
31.5	0.026954253	0.00191823097183
32.0	0.0268536912	0.00198892364807
32.5	0.0267686186	0.00204814581783
33.0	0.026698343	0.00209388770516
33.5	0.0266415234	0.00212554374923
34.0	0.0265962834	0.00214395990208
34.5	0.0265603996	0.00215132633806
35.0	0.0265315084	0.00215086328721
35.5	0.0265073314	0.0021463404608
36.0	0.026485862	0.00214151002073
36.5	0.0264655266	0.00213955320517
37.0	0.0264452736	0.00214265619696
37.5	0.026424605	0.00215180634296
38.0	0.0264035426	0.00216682581337
38.5	0.0263825352	0.00218660033714
39.0	0.0263623308	0.00220940610452
39.5	0.0263438174	0.00223324616577
40.0	0.026327869	0.00225615011944
40.5	0.0263152058	0.00227640108692
41.0	0.0263062992	0.00229270360469
41.5	0.0263013034	0.00230428037717
42.0	0.0263000582	0.00231091640711
42.5	0.026302106	0.00231294621427
43.0	0.0263067706	0.00231117047247
43.5	0.0263132392	0.0023067298489
44.0	0.026320669	0.0023009156653
44.5	0.026328282	0.00229499869845
45.0	0.0263354462	0.0022900498828
45.5	0.0263417306	0.0022868209316
46.0	0.0263469336	0.00228568522382
46.5	0.0263510706	0.00228663461916
47.0	0.0263543494	0.00228934371336
47.5	0.0263571086	0.00229325832383
48.0	0.026359753	0.00229770156799
48.5	0.0263626936	0.00230197731047
49.0	0.0263662824	0.00230546843236
49.5	0.0263707696	0.00230769812619
50.0	0.026376277	0.00230837886483
