0.0	0.0	0.0
0.5	-0.000566705878	2.96662931597e-05
1.0	-0.000638601658	1.55357931153e-05
1.5	-0.000687628322	4.88274384205e-06
2.0	-0.000767857782	8.85976738739e-06
2.5	-0.000868312646	2.36848015494e-05
3.0	-0.0009579141	4.60139435154e-05
3.5	-0.001008056014	7.56257881906e-05
4.0	-0.000999809442	0.00010991171967
4.5	-0.000926371252	0.000144528238689
5.0	-0.00079326955	0.000174517631388
5.5	-0.000616087168	0.000195682816346
6.0	-0.0004156095816	0.00020593308261
6.5	-0.00021145233394	0.000206018818518
7.0	-1.631995094e-05	0.000199212026648
7.5	0.0001668609478	0.000189983521636
8.0	0.00034388206	0.000182159869157
8.5	0.000525348064	0.000177393564503
9.0	0.000721991666	0.000174914593063
9.5	0.000941302028	0.000172397235652
10.0	0.001186339416	0.000167122516929
10.5	0.00145635208	0.00015676521398
11.0	0.0017481945	0.000139725442981
11.5	0.00205767946	0.00011526031278
12.0	0.00238046436	8.3974213443e-05
12.5	0.00271241712	5.14287850601e-05
13.0	0.00304966392	4.88484200947e-05
13.5	0.00338849584	9.42300986908e-05
14.0	0.0037252853	0.000157227730415
14.5	0.0040564831	0.000228399506527
15.0	0.00437868388	0.000304650891629
15.5	0.00468875632	0.000383849128588
16.0	0.00498398286	0.000464090992069
16.5	0.0052621864	0.000543615169799
17.0	0.0055218087	0.000620824052629
17.5	0.00576193332	0.000694335095346
18.0	0.00598226354	0.000763026245001
18.5	0.00618304592	0.000826061174956
19.0	0.0063649796	0.000882912633838
19.5	0.00652911478	0.000933371247843
20.0	0.00667674512	0.000977529227891
20.5	0.00680931316	0.0010157576879
21.0	0.006928331	0.00104867056298
21.5	0.00703530146	0.00107705234606
22.0	0.00713164648	0.00110177086104
22.5	0.00721865714	0.00112369443108
23.0	0.00729746104	0.00114360867366
23.5	0.0073690103	0.00116215061427
24.0	0.00743409008	0.00117977842228
24.5	0.00749334114	0.00119676863953
25.0	0.00754728828	0.00121323377461
25.5	0.00759637136	0.00122915648877
26.0	0.0076409718	0.00124443020559
26.5	0.00768143392	0.00125890177754
27.0	0.00771808016	0.00127240719482
27.5	0.00775121906	0.00128480231115
28.0	0.0077811512	0.00129598513521
28.5	0.00780817238	0.00130591258604
29.0	0.00783257462	0.00131460809724
29.5	0.00785464316	0.00132215796565
30.0	0.0078746528	0.00132870307673
30.5	0.00789286248	0.00133442269143
31.0	0.00790950896	0.00133951402839
31.5	0.00792480104	0.00134417055159
32.0	0.00793891536	0.001348562165
32.5	0.00795199206	0.00135281711773
33.0	0.00796413964	0.0013570182076
33.5	0.00797543472	0.00136119757411
34.0	0.00798593136	0.00136534576695
34.5	0.00799566496	0.00136941912183
35.0	0.0080046614	0.00137335396829
35.5	0.0080129431	0.00137708015765
36.0	0.00802053394	0.00138053186953
36.5	0.00802746478	0.00138365960788
37.0	0.00803377304	0.00138643389581
37.5	0.00803950704	0.0013888507393
38.0	0.00804472098	0.00139092843318
38.5	0.00804947434	0.00139271033913
39.0	0.0080538299	0.00139424747405
39.5	0.0080578489	0.00139560515308
40.0	0.00806158344	0.00139684767701
40.5	0.0080650862	0.00139802670013
41.0	0.0080683894	0.00139919015954
41.5	0.00807152424	0.00140036469922
42.0	0.0080745046	0.00140156334039
42.5	0.0080773392	0.00140278373758
43.0	0.00808002694	0.00140401170243
43.5	0.0080825676	0.00140522222615
44.0	0.00808495152	0.0014063906969
44.5	0.00808717796	0.00140749119461
45.0	0.00808924272	0.00140850369986
45.5	0.00809115146	0.00140941192509
46.0	0.00809290944	0.00141021407804
46.5	0.00809452906	0.00141091336921
47.0	0.00809602386	0.00141152137355
47.5	0.00809741218	0.00141205461016
48.0	0.00809871254	0.00141253373716
48.5	0.00809993756	0.0014129791875
49.0	0.0081011076	0.00141340895171
49.5	0.00810222716	0.00141383914313
50.0	0.00810330782	0.00141427811116
