0.0	0.0	0.0
0.5	-0.0384289964	0.00417111135372
1.0	-0.03842924	0.00409020127624
1.5	-0.038901896	0.00413359666893
2.0	-0.03922438	0.00416311366964
2.5	-0.039407164	0.00418524808797
3.0	-0.0395063916	0.00420696513015
3.5	-0.0395605304	0.00423108439925
4.0	-0.0395933342	0.00425841144686
4.5	-0.0396199702	0.0042889478855
5.0	-0.0396507122	0.00432240171199
5.5	-0.0396930108	0.00435840758156
6.0	-0.0397525962	0.00439662826238
6.5	-0.0398340312	0.00443678989119
7.0	-0.0399409542	0.00447865048264
7.5	-0.0400761594	0.00452197191422
8.0	-0.0402416348	0.00456649332955
8.5	-0.0404385362	0.00461193663901
9.0	-0.04066736	0.00465804241931
9.5	-0.0409277272	0.00470436891373
10.0	-0.041218283	0.0047506759402
10.5	-0.0415376	0.00479742805764
11.0	-0.0418849122	0.00484531326526
11.5	-0.0422600824	0.00489450591357
12.0	-0.0426631984	0.00494398601013
12.5	-0.0430940146	0.00499102963922
13.0	-0.043551311	0.00503112443059
13.5	-0.0440323934	0.00505864459788
14.0	-0.044532792	0.0050679512248
14.5	-0.045046235	0.00505481233772
15.0	-0.0455649896	0.00501740795254
15.5	-0.0460805748	0.00495691166606
16.0	-0.0465844946	0.00487713429543
16.5	-0.0470692232	0.00478374267229
17.0	-0.0475287238	0.00468315826843
17.5	-0.0479588678	0.00458137453933
18.0	-0.0483575322	0.00448315608217
18.5	-0.0487242548	0.00439176590248
19.0	-0.0490598614	0.00430884216007
19.5	-0.0493660552	0.00423466391417
20.0	-0.0496449752	0.00416863656252
20.5	-0.049898833	0.00410970358998
21.0	-0.0501297964	0.00405656437938
21.5	-0.0503399492	0.00400789993548
22.0	-0.0505311196	0.00396268678029
22.5	-0.0507049662	0.0039201447637
23.0	-0.05086297	0.00387980842386
23.5	-0.0510064448	0.00384154620965
24.0	-0.0511366316	0.00380539409925
24.5	-0.051254698	0.00377150476888
25.0	-0.0513617428	0.00374009086326
25.5	-0.051458823	0.00371132507933
26.0	-0.0515469478	0.00368529369769
26.5	-0.0516270734	0.0036619551832
27.0	-0.0517001068	0.00364112284152
27.5	-0.0517668826	0.00362249286983
28.0	-0.0518281506	0.00360569142566
28.5	-0.0518845584	0.00359032362611
29.0	-0.051936657	0.00357601141231
29.5	-0.0519848954	0.00356242967321
30.0	-0.0520296396	0.00354933912413
30.5	-0.0520711788	0.00353658217813
31.0	-0.0521097468	0.00352409821478
31.5	-0.0521455302	0.00351189893173
32.0	-0.0521786868	0.00350006177068
32.5	-0.0522093592	0.00348869360365
33.0	-0.0522376844	0.00347791427442
33.5	-0.0522637998	0.00346783273973
34.0	-0.0522878536	0.0034585286613
34.5	-0.0523099964	0.00345003731096
35.0	-0.0523303908	0.00344234957273
35.5	-0.0523491998	0.00343541572674
36.0	-0.0523665888	0.00342914737174
36.5	-0.0523827138	0.00342343797156
37.0	-0.0523977176	0.00341817238523
37.5	-0.0524117312	0.00341323411461
38.0	-0.0524248614	0.00340852728666
38.5	-0.052437202	0.00340398053193
39.0	-0.0524488202	0.00339954306721
39.5	-0.0524597678	0.00339519415551
40.0	-0.0524700876	0.00339094607066
40.5	-0.0524798006	0.00338680876164
41.0	-0.052488934	0.00338282331011
41.5	-0.0524975016	0.00337902157025
42.0	-0.0525055248	0.00337543847096
42.5	-0.0525130254	0.00337209728561
43.0	-0.0525200328	0.00336900914591
43.5	-0.0525265734	0.00336617023674
44.0	-0.0525326894	0.0033635697879
44.5	-0.0525384164	0.00336117626999
45.0	-0.0525437994	0.00335896121581
45.5	-0.0525488694	0.00335688627946
46.0	-0.0525536684	0.00335491650994
46.5	-0.052558223	0.00335302191696
47.0	-0.0525625634	0.0033511816616
47.5	-0.052566702	0.00334937918595
48.0	-0.052570656	0.00334760842017
48.5	-0.0525744342	0.0033458702183
49.0	-0.052578035	0.00334417228114
49.5	-0.0525814678	0.00334252709878
50.0	-0.0525847284	0.00334094575825
