0.0	0.0	0.0
0.5	0.1100892856	0.0117538371553
1.0	0.112134641	0.0110762590966
1.5	0.1113453998	0.0108399551188
2.0	0.1107113252	0.0107577643405
2.5	0.1103009266	0.0107156125563
3.0	0.1100236256	0.0106796891597
3.5	0.1098147362	0.0106400187351
4.0	0.109634981	0.0105940184881
4.5	0.1094601312	0.010541516705
5.0	0.109274452	0.0104832126749
5.5	0.1090671352	0.0104200842097
6.0	0.1088303004	0.0103532157859
6.5	0.108557932	0.0102836429848
7.0	0.1082454352	0.0102124159222
7.5	0.1078893888	0.0101405318047
8.0	0.1074874418	0.010068965422
8.5	0.1070384548	0.00999870887711
9.0	0.1065421606	0.00993059606679
9.5	0.1059995166	0.0098657070695
10.0	0.1054130082	0.009804975353
10.5	0.1047857298	0.00974820796324
11.0	0.1041200284	0.00969410213882
11.5	0.1034169606	0.00964134388511
12.0	0.1026762936	0.00958957017713
12.5	0.1018971944	0.00954066377214
13.0	0.1010790638	0.00949947527077
13.5	0.1002225124	0.00947358153268
14.0	0.0993303278	0.00947217059959
14.5	0.0984080236	0.00950374012661
15.0	0.0974641712	0.00957407640998
15.5	0.0965097148	0.00968458495666
16.0	0.0955573584	0.00983186310098
16.5	0.0946200246	0.0100088278234
17.0	0.093709513	0.0102061251784
17.5	0.0928357414	0.0104139386134
18.0	0.0920059114	0.0106237107339
18.5	0.0912244336	0.0108287153711
19.0	0.090493548	0.0110243154594
19.5	0.089813624	0.0112081323017
20.0	0.0891836182	0.0113794626826
20.5	0.0886018308	0.0115386108049
21.0	0.0880662316	0.0116864555634
21.5	0.087574473	0.01182423438
22.0	0.087124121	0.0119531317893
22.5	0.0867126902	0.0120741487584
23.0	0.0863377136	0.01218796232
23.5	0.0859967494	0.0122948789437
24.0	0.0856873608	0.0123949996461
24.5	0.0854071056	0.0124882640174
25.0	0.0851535746	0.0125745398767
25.5	0.0849244186	0.0126536870336
26.0	0.084717362	0.0127256676046
26.5	0.0845302066	0.0127906217397
27.0	0.084360848	0.0128489074459
27.5	0.0842073056	0.0129010939771
28.0	0.0840677612	0.0129478991235
28.5	0.083940561	0.0129900952451
29.0	0.0838242644	0.0130284998126
29.5	0.0837176178	0.0130638750625
30.0	0.083619563	0.0130968755892
30.5	0.0835292086	0.0131280242708
31.0	0.0834458304	0.0131576866116
31.5	0.0833688182	0.0131860770645
32.0	0.0832976674	0.0132132575722
32.5	0.0832319622	0.0132392178366
33.0	0.0831713216	0.0132638461427
33.5	0.083115426	0.01328704529
34.0	0.0830639448	0.0133086833629
34.5	0.0830165654	0.0133286828424
35.0	0.0829729754	0.0133470288747
35.5	0.0829328646	0.0133637601855
36.0	0.0828959156	0.0133789796354
36.5	0.0828618166	0.0133928352297
37.0	0.082830275	0.0134055126382
37.5	0.0828010136	0.0134172120325
38.0	0.0827737768	0.0134281135203
38.5	0.082748359	0.0134384144025
39.0	0.0827245696	0.013448241699
39.5	0.0827022474	0.0134576753282
40.0	0.082681281	0.0134667797644
40.5	0.0826615806	0.0134755822147
41.0	0.082643068	0.0134840546582
41.5	0.0826256912	0.013492170382
42.0	0.0826093996	0.0134998826422
42.5	0.0825941454	0.0135071523119
43.0	0.0825798862	0.0135139554667
43.5	0.0825665706	0.0135202885325
44.0	0.0825541276	0.0135261341494
44.5	0.0825424998	0.0135315321062
45.0	0.0825316182	0.0135365186395
45.5	0.0825214148	0.0135411609462
46.0	0.0825118126	0.0135454963025
46.5	0.0825027548	0.0135495992647
47.0	0.0824941788	0.0135535112926
47.5	0.0824860314	0.0135572743449
48.0	0.0824782826	0.0135609224081
48.5	0.082470906	0.0135644779429
49.0	0.0824638648	0.0135679253308
49.5	0.0824571624	0.0135712769842
50.0	0.0824507782	0.0135745055922
