999.0	0.005613425
1009.121	0.005669316
1019.242	0.005724981
1019.449	0.005726116
1029.364	0.005780436
1039.485	0.005835687
1039.898	0.005837935
1049.606	0.005890733
1059.727	0.005945559
1060.347	0.005948912
1069.848	0.006000187
1079.97	0.006054595
1080.796	0.00605903
1090.091	0.006108805
1100.212	0.006162807
1101.245	0.006168308
1110.333	0.006216621
1120.455	0.006270237
1121.694	0.006276788
1130.576	0.006323661
1140.697	0.006376882
1142.143	0.006384477
1150.818	0.006429913
1160.939	0.006482762
1162.592	0.006491367
1171.061	0.006535409
1181.182	0.00658787
1183.041	0.006597484
1191.303	0.006640148
1201.424	0.006692253
1203.49	0.006702865
1211.545	0.006744186
1221.667	0.00679593
1223.939	0.006807527
1231.788	0.006847504
1241.909	0.006898908
1244.388	0.00691147
1252.03	0.006950134
1262.152	0.007001187
1264.837	0.007014709
1272.273	0.007052083
1282.394	0.007102811
1285.286	0.007117273
1292.515	0.007153364
1302.636	0.007203748
1305.735	0.007219147
1312.758	0.007253979
1322.879	0.007304039
1326.184	0.007320361
1333.0	0.007353959
1343.121	0.007403719
1346.633	0.007420949
1353.242	0.007453328
1363.364	0.007502795
1367.082	0.007520915
1373.485	0.007552095
1383.606	0.007601249
1387.531	0.007620271
1393.727	0.007650257
1403.848	0.007699128
1407.98	0.007719043
1413.97	0.007747868
1424.091	0.00779647
1428.429	0.007817244
1434.212	0.007844912
1444.333	0.007893214
1448.878	0.00791486
1454.455	0.007941392
1464.576	0.007989436
1469.327	0.008011939
1474.697	0.008037349
1484.818	0.008085128
1489.776	0.008108487
1494.939	0.008132785
1505.061	0.008180316
1510.224	0.008204519
1515.182	0.008227725
1525.303	0.008275011
1530.673	0.008300044
1535.424	0.008322172
1545.545	0.0083692
1551.122	0.008395078
1555.667	0.008416132
1565.788	0.008462949
1571.571	0.008489648
1575.909	0.00850966
1586.03	0.008556258
1592.02	0.008583777
1596.152	0.008602732
1606.273	0.008649103
1612.469	0.008677443
1616.394	0.00869537
1626.515	0.008741531
1632.918	0.008770678
1636.636	0.00878758
1646.758	0.008833534
1653.367	0.008863482
1656.879	0.008879384
1667.0	0.008925128
1673.816	0.008955892
1677.121	0.008970784
1687.242	0.009016339
1694.265	0.009047894
1697.364	0.009061807
1707.485	0.009107173
1714.714	0.009139533
1717.606	0.009152471
1727.727	0.009197688
1735.163	0.009230851
1737.848	0.009242823
1747.97	0.009287877
1755.612	0.009321836
1758.091	0.009332845
1768.212	0.009377732
1776.061	0.009412496
1778.333	0.009422547
1788.455	0.009467284
1796.51	0.009502836
1798.576	0.009511939
1808.697	0.009556533
1816.959	0.009592861
1818.818	0.009601029
1828.939	0.009645445
1837.408	0.009682566
1839.061	0.009689804
1849.182	0.009734093
1857.857	0.009772007
1859.303	0.009778323
1869.424	0.009822529
1878.306	0.009861268
1879.545	0.009866671
1889.667	0.009910766
1898.755	0.00995031
1899.788	0.009954808
1909.909	0.009998783
1919.204	0.01003913
1920.03	0.01004272
1930.152	0.01008659
1939.653	0.01012775
1940.273	0.01013043
1950.394	0.01017421
1960.102	0.01021614
1960.515	0.01021792
1970.636	0.01026155
1980.551	0.01030424
1980.758	0.01030514
1990.879	0.01034868
2001.0	0.01039221
