999.0	0.009572405
1009.121	0.009663398
1019.242	0.009753966
1019.449	0.009755808
1029.364	0.009844104
1039.485	0.009933826
1039.898	0.009937482
1049.606	0.01002315
1059.727	0.01011204
1060.347	0.01011747
1069.848	0.01020051
1079.97	0.01028857
1080.796	0.01029574
1090.091	0.01037621
1100.212	0.01046345
1101.245	0.01047232
1110.333	0.01055029
1120.455	0.01063673
1121.694	0.01064729
1130.576	0.01072277
1140.697	0.01080842
1142.143	0.01082062
1150.818	0.01089367
1160.939	0.01097855
1162.592	0.01099237
1171.061	0.01106304
1181.182	0.01114714
1183.041	0.01116255
1191.303	0.01123086
1201.424	0.01131422
1203.49	0.01133119
1211.545	0.01139721
1221.667	0.01147983
1223.939	0.01149833
1231.788	0.01156209
1241.909	0.01164398
1244.388	0.01166398
1252.03	0.01172551
1262.152	0.01180668
1264.837	0.01182815
1272.273	0.01188751
1282.394	0.01196799
1285.286	0.01199092
1292.515	0.01204812
1302.636	0.0121279
1305.735	0.01215225
1312.758	0.01220734
1322.879	0.01228644
1326.184	0.01231219
1333.0	0.01236521
1343.121	0.01244365
1346.633	0.01247079
1353.242	0.01252177
1363.364	0.01259956
1367.082	0.01262806
1373.485	0.01267702
1383.606	0.01275415
1387.531	0.01278397
1393.727	0.01283096
1403.848	0.01290747
1407.98	0.01293861
1413.97	0.01298369
1424.091	0.01305959
1428.429	0.01309202
1434.212	0.01313517
1444.333	0.01321045
1448.878	0.01324416
1454.455	0.01328543
1464.576	0.01336012
1469.327	0.01339507
1474.697	0.01343451
1484.818	0.0135086
1489.776	0.01354479
1494.939	0.0135824
1505.061	0.01365592
1510.224	0.01369331
1515.182	0.01372915
1525.303	0.01380209
1530.673	0.01384068
1535.424	0.01387475
1545.545	0.01394715
1551.122	0.01398694
1555.667	0.0140193
1565.788	0.01409119
1571.571	0.01413215
1575.909	0.01416281
1586.03	0.01423417
1592.02	0.01427628
1596.152	0.01430526
1606.273	0.01437608
1612.469	0.01441932
1616.394	0.01444665
1626.515	0.01451696
1632.918	0.01456131
1636.636	0.01458702
1646.758	0.01465681
1653.367	0.01470227
1656.879	0.01472636
1667.0	0.01479567
1673.816	0.01484221
1677.121	0.01486474
1687.242	0.01493361
1694.265	0.01498125
1697.364	0.01500223
1707.485	0.01507062
1714.714	0.01511935
1717.606	0.0151388
1727.727	0.01520677
1735.163	0.01525656
1737.848	0.01527451
1747.97	0.01534203
1755.612	0.01539287
1758.091	0.01540933
1768.212	0.01547643
1776.061	0.01552831
1778.333	0.01554331
1788.455	0.01560997
1796.51	0.01566288
1798.576	0.01567643
1808.697	0.01574269
1816.959	0.01579666
1818.818	0.01580879
1828.939	0.01587466
1837.408	0.01592963
1839.061	0.01594034
1849.182	0.01600584
1857.857	0.01606183
1859.303	0.01607115
1869.424	0.01613631
1878.306	0.01619337
1879.545	0.01620132
1889.667	0.01626616
1898.755	0.01632423
1899.788	0.01633082
1909.909	0.0163953
1919.204	0.01645438
1920.03	0.01645961
1930.152	0.01652377
1939.653	0.01658386
1940.273	0.01658777
1950.394	0.01665159
1960.102	0.01671264
1960.515	0.01671524
1970.636	0.01677871
1980.551	0.01684074
1980.758	0.01684203
1990.879	0.0169052
2001.0	0.01696829
