999.0	0.0310348
1009.121	0.03088985
1019.242	0.03074802
1019.449	0.03074516
1029.364	0.0306092
1039.485	0.03047324
1039.898	0.03046775
1049.606	0.03033996
1059.727	0.0302093
1060.347	0.03020138
1069.848	0.03008118
1079.97	0.02995539
1080.796	0.02994522
1090.091	0.02983188
1100.212	0.02971061
1101.245	0.02969834
1110.333	0.02959141
1120.455	0.02947428
1121.694	0.02946007
1130.576	0.02935913
1140.697	0.02924583
1142.143	0.02922979
1150.818	0.02913435
1160.939	0.02902462
1162.592	0.02900687
1171.061	0.02891654
1181.182	0.0288101
1183.041	0.02879073
1191.303	0.02870526
1201.424	0.02860199
1203.49	0.02858111
1211.545	0.02850021
1221.667	0.02839983
1223.939	0.02837749
1231.788	0.02830085
1241.909	0.02820323
1244.388	0.02817952
1252.03	0.02810685
1262.152	0.02801172
1264.837	0.02798669
1272.273	0.02791781
1282.394	0.0278251
1285.286	0.02779883
1292.515	0.02773355
1302.636	0.02764306
1305.735	0.02761558
1312.758	0.02755364
1322.879	0.02746527
1326.184	0.02743663
1333.0	0.02737791
1343.121	0.02729152
1346.633	0.02726177
1353.242	0.02720606
1363.364	0.02712152
1367.082	0.02709068
1373.485	0.02703785
1383.606	0.02695507
1387.531	0.02692319
1393.727	0.02687313
1403.848	0.02679198
1407.98	0.02675907
1413.97	0.0267116
1424.091	0.026632
1428.429	0.02659811
1434.212	0.02655316
1444.333	0.02647504
1448.878	0.0264402
1454.455	0.02639761
1464.576	0.02632085
1469.327	0.02628506
1474.697	0.02624477
1484.818	0.02616937
1489.776	0.02613268
1494.939	0.02609463
1505.061	0.02602051
1510.224	0.02598293
1515.182	0.02594702
1525.303	0.02587413
1530.673	0.02583571
1535.424	0.02580186
1545.545	0.02573018
1551.122	0.0256909
1555.667	0.02565903
1565.788	0.02558846
1571.571	0.02554839
1575.909	0.02551846
1586.03	0.02544901
1592.02	0.02540818
1596.152	0.02538012
1606.273	0.02531177
1612.469	0.02527021
1616.394	0.02524398
1626.515	0.02517672
1632.918	0.02513445
1636.636	0.02511001
1646.758	0.02504388
1653.367	0.02500098
1656.879	0.02497829
1667.0	0.02491322
1673.816	0.0248697
1677.121	0.02484869
1687.242	0.02478473
1694.265	0.02474068
1697.364	0.02472133
1707.485	0.02465848
1714.714	0.02461394
1717.606	0.02459622
1727.727	0.02453452
1735.163	0.02448957
1737.848	0.0244734
1747.97	0.02441288
1755.612	0.02436756
1758.091	0.02435295
1768.212	0.0242936
1776.061	0.02424799
1778.333	0.02423485
1788.455	0.0241767
1796.51	0.02413084
1798.576	0.02411915
1808.697	0.02406221
1816.959	0.0240162
1818.818	0.0240059
1828.939	0.02395022
1837.408	0.0239041
1839.061	0.02389516
1849.182	0.02384077
1857.857	0.02379465
1859.303	0.02378701
1869.424	0.02373392
1878.306	0.02368784
1879.545	0.02368145
1889.667	0.02362962
1898.755	0.02358363
1899.788	0.02357843
1909.909	0.02352792
1919.204	0.02348211
1920.03	0.02347805
1930.152	0.02342886
1939.653	0.02338327
1940.273	0.02338032
1950.394	0.02333243
1960.102	0.0232871
1960.515	0.0232852
1970.636	0.02323859
1980.551	0.02319357
1980.758	0.02319263
1990.879	0.02314733
2001.0	0.02310263
