999.0	0.1090594
1009.121	0.1083157
1019.242	0.1075812
1019.449	0.1075663
1029.364	0.1068559
1039.485	0.1061394
1039.898	0.1061103
1049.606	0.1054315
1059.727	0.1047323
1060.347	0.1046897
1069.848	0.1040415
1079.97	0.1033591
1080.796	0.1033037
1090.091	0.1026846
1100.212	0.102018
1101.245	0.1019504
1110.333	0.1013591
1120.455	0.1007079
1121.694	0.1006287
1130.576	0.1000642
1140.697	0.09942761
1142.143	0.09933724
1150.818	0.09879811
1160.939	0.09817561
1162.592	0.09807463
1171.061	0.09755998
1181.182	0.09695109
1183.041	0.09683998
1191.303	0.09634883
1201.424	0.09575318
1203.49	0.09563244
1211.545	0.09516407
1221.667	0.09458124
1223.939	0.09445125
1231.788	0.09400473
1241.909	0.09343447
1244.388	0.09329572
1252.03	0.09287018
1262.152	0.09231183
1264.837	0.09216466
1272.273	0.09175924
1282.394	0.0912121
1285.286	0.09105681
1292.515	0.09067055
1302.636	0.09013448
1305.735	0.08997145
1312.758	0.0896038
1322.879	0.08907845
1326.184	0.08890804
1333.0	0.08855833
1343.121	0.0880434
1346.633	0.08786593
1353.242	0.08753356
1363.364	0.08702876
1367.082	0.08684457
1373.485	0.08652887
1383.606	0.08603397
1387.531	0.08584339
1393.727	0.08554393
1403.848	0.08505858
1407.98	0.0848618
1413.97	0.08457784
1424.091	0.08410154
1428.429	0.08389878
1434.212	0.08362982
1444.333	0.08316267
1448.878	0.08295437
1454.455	0.08269992
1464.576	0.08224147
1469.327	0.08202773
1474.697	0.08178722
1484.818	0.08133715
1489.776	0.08111821
1494.939	0.08089119
1505.061	0.08044925
1510.224	0.08022531
1515.182	0.08001128
1525.303	0.07957724
1530.673	0.07934851
1535.424	0.07914706
1545.545	0.07872069
1551.122	0.07848736
1555.667	0.07829808
1565.788	0.07787917
1571.571	0.07764158
1575.909	0.07746416
1586.03	0.07705276
1592.02	0.07681096
1596.152	0.07664492
1606.273	0.07624058
1612.469	0.07599473
1616.394	0.07583972
1626.515	0.07544238
1632.918	0.07519274
1636.636	0.07504841
1646.758	0.07465777
1653.367	0.07440447
1656.879	0.07427046
1667.0	0.0738864
1673.816	0.07362958
1677.121	0.07350561
1687.242	0.073128
1694.265	0.07286783
1697.364	0.07275352
1707.485	0.07238214
1714.714	0.0721187
1717.606	0.07201371
1727.727	0.07164814
1735.163	0.07138145
1737.848	0.07128553
1747.97	0.07092584
1755.612	0.07065617
1758.091	0.07056906
1768.212	0.07021513
1776.061	0.06994275
1778.333	0.06986421
1788.455	0.0695161
1796.51	0.06924099
1798.576	0.06917073
1808.697	0.06882808
1816.959	0.06855035
1818.818	0.06848811
1828.939	0.06815086
1837.408	0.06787068
1839.061	0.06781623
1849.182	0.06748418
1857.857	0.06720162
1859.303	0.0671547
1869.424	0.06682774
1878.306	0.06654288
1879.545	0.06650329
1889.667	0.06618131
1898.755	0.06589426
1899.788	0.06586177
1909.909	0.06554463
1919.204	0.06525548
1920.03	0.06522986
1930.152	0.06491745
1939.653	0.06462629
1940.273	0.06460738
1950.394	0.06429972
1960.102	0.06400681
1960.515	0.0639944
1970.636	0.06369131
1980.551	0.06339657
1980.758	0.06339044
1990.879	0.06309177
2001.0	0.06279534
