999.0	-0.05159829
1009.121	-0.05121564
1019.242	-0.0508398
1019.449	-0.05083219
1029.364	-0.05047049
1039.485	-0.05010755
1039.898	-0.05009286
1049.606	-0.04975065
1059.727	-0.0493997
1060.347	-0.0493784
1069.848	-0.04905461
1079.97	-0.04871508
1080.796	-0.04868761
1090.091	-0.04838103
1100.212	-0.04805235
1101.245	-0.04801909
1110.333	-0.04772876
1120.455	-0.0474103
1121.694	-0.04737165
1130.576	-0.04709679
1140.697	-0.046788
1142.143	-0.04674428
1150.818	-0.04648388
1160.939	-0.04618429
1162.592	-0.0461358
1171.061	-0.04588911
1181.182	-0.04559823
1183.041	-0.04554527
1191.303	-0.04531157
1201.424	-0.045029
1203.49	-0.04497182
1211.545	-0.0447504
1221.667	-0.04447577
1223.939	-0.04441465
1231.788	-0.04420496
1241.909	-0.04393791
1244.388	-0.04387308
1252.03	-0.04367455
1262.152	-0.04341479
1264.837	-0.04334647
1272.273	-0.04315858
1282.394	-0.04290585
1285.286	-0.04283426
1292.515	-0.04265651
1302.636	-0.0424104
1305.735	-0.04233572
1312.758	-0.04216755
1322.879	-0.04192791
1326.184	-0.04185033
1333.0	-0.04169137
1343.121	-0.04145789
1346.633	-0.0413776
1353.242	-0.04122742
1363.364	-0.04099989
1367.082	-0.04091702
1373.485	-0.04077522
1383.606	-0.04055342
1387.531	-0.04046818
1393.727	-0.04033445
1403.848	-0.04011824
1407.98	-0.04003074
1413.97	-0.03990467
1424.091	-0.03969374
1428.429	-0.03960415
1434.212	-0.03948541
1444.333	-0.03927959
1448.878	-0.03918797
1454.455	-0.0390762
1464.576	-0.03887525
1469.327	-0.03878175
1474.697	-0.03867668
1484.818	-0.03848047
1489.776	-0.0383852
1494.939	-0.03828654
1505.061	-0.03809484
1510.224	-0.03799787
1515.182	-0.03790532
1525.303	-0.03771798
1530.673	-0.03761944
1535.424	-0.03753275
1545.545	-0.03734959
1551.122	-0.03724951
1555.667	-0.03716842
1565.788	-0.03698921
1571.571	-0.03688766
1575.909	-0.0368119
1586.03	-0.03663649
1592.02	-0.03653356
1596.152	-0.03646296
1606.273	-0.03629122
1612.469	-0.03618695
1616.394	-0.03612125
1626.515	-0.035953
1632.918	-0.03584746
1636.636	-0.03578648
1646.758	-0.03562159
1653.367	-0.03551478
1656.879	-0.03545833
1667.0	-0.03529668
1673.816	-0.0351887
1677.121	-0.03513659
1687.242	-0.03497798
1694.265	-0.03486881
1697.364	-0.03482089
1707.485	-0.03466527
1714.714	-0.034555
1717.606	-0.0345111
1727.727	-0.03435832
1735.163	-0.03424694
1737.848	-0.03420691
1747.97	-0.0340569
1755.612	-0.03394453
1758.091	-0.03390825
1768.212	-0.03376094
1776.061	-0.03364755
1778.333	-0.03361487
1788.455	-0.03347008
1796.51	-0.03335573
1798.576	-0.03332654
1808.697	-0.03318431
1816.959	-0.03306911
1818.818	-0.0330433
1828.939	-0.03290351
1837.408	-0.03278749
1839.061	-0.03276496
1849.182	-0.03262761
1857.857	-0.03251085
1859.303	-0.03249148
1869.424	-0.03235657
1878.306	-0.03223916
1879.545	-0.03222285
1889.667	-0.03209027
1898.755	-0.03197223
1899.788	-0.03195889
1909.909	-0.03182868
1919.204	-0.03171015
1920.03	-0.03169966
1930.152	-0.03157182
1939.653	-0.03145288
1940.273	-0.03144516
1950.394	-0.03131967
1960.102	-0.03120042
1960.515	-0.03119536
1970.636	-0.03107227
1980.551	-0.03095285
1980.758	-0.03095038
1990.879	-0.03082966
2001.0	-0.03071014
