999.0	-0.05897112
1009.121	-0.05880069
1019.242	-0.05863214
1019.449	-0.05862872
1029.364	-0.05846567
1039.485	-0.05830091
1039.898	-0.05829423
1049.606	-0.05813787
1059.727	-0.05797647
1060.347	-0.05796664
1069.848	-0.05781671
1079.97	-0.05765858
1080.796	-0.05764574
1090.091	-0.05750202
1100.212	-0.05734705
1101.245	-0.05733132
1110.333	-0.05719358
1120.455	-0.05704156
1121.694	-0.05702305
1130.576	-0.05689096
1140.697	-0.05674178
1142.143	-0.05672057
1150.818	-0.05659402
1160.939	-0.05644765
1162.592	-0.05642389
1171.061	-0.05630268
1181.182	-0.05615905
1183.041	-0.05613282
1191.303	-0.05601676
1201.424	-0.05587592
1203.49	-0.05584737
1211.545	-0.05573652
1221.667	-0.05559841
1223.939	-0.05556757
1231.788	-0.05546154
1241.909	-0.05532587
1244.388	-0.05529282
1252.03	-0.05519141
1262.152	-0.0550581
1264.837	-0.05502292
1272.273	-0.0549259
1282.394	-0.05479485
1285.286	-0.05475761
1292.515	-0.05466492
1302.636	-0.0545361
1305.735	-0.05449687
1312.758	-0.05440836
1322.879	-0.05428171
1326.184	-0.05424057
1333.0	-0.0541561
1343.121	-0.05403148
1346.633	-0.05398847
1353.242	-0.05390785
1363.364	-0.05378523
1367.082	-0.05374046
1373.485	-0.05366363
1383.606	-0.05354312
1387.531	-0.05349668
1393.727	-0.05342366
1403.848	-0.05330513
1407.98	-0.053257
1413.97	-0.0531875
1424.091	-0.05307081
1428.429	-0.05302109
1434.212	-0.05295504
1444.333	-0.05284016
1448.878	-0.05278884
1454.455	-0.05272608
1464.576	-0.05261288
1469.327	-0.05256005
1474.697	-0.05250054
1484.818	-0.05238908
1489.776	-0.05233478
1494.939	-0.05227844
1505.061	-0.05216864
1510.224	-0.05211294
1515.182	-0.05205965
1525.303	-0.05195146
1530.673	-0.05189439
1535.424	-0.05184406
1545.545	-0.05173744
1551.122	-0.05167902
1555.667	-0.05163158
1565.788	-0.05152646
1571.571	-0.0514668
1575.909	-0.0514222
1586.03	-0.05131866
1592.02	-0.05125774
1596.152	-0.05121587
1606.273	-0.05111379
1612.469	-0.05105164
1616.394	-0.05101242
1626.515	-0.05091177
1632.918	-0.05084844
1636.636	-0.05081181
1646.758	-0.05071252
1653.367	-0.05064801
1656.879	-0.05061383
1667.0	-0.0505158
1673.816	-0.05045012
1677.121	-0.05041839
1687.242	-0.05032163
1694.265	-0.05025487
1697.364	-0.0502255
1707.485	-0.05012999
1714.714	-0.05006218
1717.606	-0.05003517
1727.727	-0.04994102
1735.163	-0.04987225
1737.848	-0.04984748
1747.97	-0.04975452
1755.612	-0.04968473
1758.091	-0.04966216
1768.212	-0.04957037
1776.061	-0.0494996
1778.333	-0.04947919
1788.455	-0.04938857
1796.51	-0.04931685
1798.576	-0.04929852
1808.697	-0.04920902
1816.959	-0.04913637
1818.818	-0.04912007
1828.939	-0.04903166
1837.408	-0.0489581
1839.061	-0.04894379
1849.182	-0.04885645
1857.857	-0.048782
1859.303	-0.04876962
1869.424	-0.04868325
1878.306	-0.04860788
1879.545	-0.04859739
1889.667	-0.04851202
1898.755	-0.04843578
1899.788	-0.04842713
1909.909	-0.04834274
1919.204	-0.04826565
1920.03	-0.0482588
1930.152	-0.04817538
1939.653	-0.04809748
1940.273	-0.04809242
1950.394	-0.04800996
1960.102	-0.04793124
1960.515	-0.04792793
1970.636	-0.04784633
1980.551	-0.04776685
1980.758	-0.04776518
1990.879	-0.04768452
2001.0	-0.04760429
