999.0	-0.05159829
1004.035	-0.05140705
1009.07	-0.05121754
1009.121	-0.05121564
1014.106	-0.05102971
1019.141	-0.05084354
1019.242	-0.0508398
1019.449	-0.05083219
1024.176	-0.05065898
1029.211	-0.05047601
1029.364	-0.05047049
1034.246	-0.05029463
1039.281	-0.05011478
1039.485	-0.05010755
1039.898	-0.05009286
1044.317	-0.04993642
1049.352	-0.04975954
1049.606	-0.04975065
1054.387	-0.04958413
1059.422	-0.04941019
1059.727	-0.0493997
1060.347	-0.0493784
1064.457	-0.04923771
1069.492	-0.04906665
1069.848	-0.04905461
1074.528	-0.04889695
1079.563	-0.04872862
1079.97	-0.04871508
1080.796	-0.04868761
1084.598	-0.04856165
1089.633	-0.04839602
1090.091	-0.04838103
1094.668	-0.04823174
1099.704	-0.04806874
1100.212	-0.04805235
1101.245	-0.04801909
1104.739	-0.047907
1109.774	-0.04774651
1110.333	-0.04772876
1114.809	-0.04758731
1119.844	-0.04742936
1120.455	-0.0474103
1121.694	-0.04737165
1124.879	-0.04727263
1129.915	-0.04711712
1130.576	-0.04709679
1134.95	-0.04696277
1139.985	-0.04680958
1140.697	-0.046788
1142.143	-0.04674428
1145.02	-0.04665755
1150.055	-0.04650665
1150.818	-0.04648388
1155.09	-0.04635687
1160.126	-0.04620821
1160.939	-0.04618429
1162.592	-0.0461358
1165.161	-0.04606065
1170.196	-0.04591415
1171.061	-0.04588911
1175.231	-0.04576872
1180.266	-0.04562436
1181.182	-0.04559823
1183.041	-0.04554527
1185.302	-0.04548105
1190.337	-0.04533876
1191.303	-0.04531157
1195.372	-0.04519748
1200.407	-0.04505721
1201.424	-0.045029
1203.49	-0.04497182
1205.442	-0.04491793
1210.477	-0.04477962
1211.545	-0.0447504
1215.513	-0.04464229
1220.548	-0.04450593
1221.667	-0.04447577
1223.939	-0.04441465
1225.583	-0.04437054
1230.618	-0.04423607
1231.788	-0.04420496
1235.653	-0.04410252
1240.688	-0.04396992
1241.909	-0.04393791
1244.388	-0.04387308
1245.724	-0.04383823
1250.759	-0.04370745
1252.03	-0.04367455
1255.794	-0.04357756
1260.829	-0.04344854
1262.152	-0.04341479
1264.837	-0.04334647
1265.864	-0.04332039
1270.899	-0.04319313
1272.273	-0.04315858
1275.935	-0.04306674
1280.97	-0.04294119
1282.394	-0.04290585
1285.286	-0.04283426
1286.005	-0.04281651
1291.04	-0.04269264
1292.515	-0.04265651
1296.075	-0.04256956
1301.111	-0.04244729
1302.636	-0.0424104
1305.735	-0.04233572
1306.146	-0.04232583
1311.181	-0.04220518
1312.758	-0.04216755
1316.216	-0.04208531
1321.251	-0.04196623
1322.879	-0.04192791
1326.184	-0.04185033
1326.286	-0.04184793
1331.322	-0.04173038
1333.0	-0.04169137
1336.357	-0.0416136
1341.392	-0.04149757
1343.121	-0.04145789
1346.427	-0.04138228
1346.633	-0.0413776
1351.462	-0.04126774
1353.242	-0.04122742
1356.497	-0.04115393
1361.533	-0.04104084
1363.364	-0.04099989
1366.568	-0.04092845
1367.082	-0.04091702
1371.603	-0.04081677
1373.485	-0.04077522
1376.638	-0.04070581
1381.673	-0.04059556
1383.606	-0.04055342
1386.709	-0.040486
1387.531	-0.04046818
1391.744	-0.04037715
1393.727	-0.04033445
1396.779	-0.04026897
1401.814	-0.04016149
1403.848	-0.04011824
1406.849	-0.04005464
1407.98	-0.04003074
1411.884	-0.03994846
1413.97	-0.03990467
1416.92	-0.03984293
1421.955	-0.03973805
1424.091	-0.03969374
1426.99	-0.03963382
1428.429	-0.03960415
1432.025	-0.03953021
1434.212	-0.03948541
1437.06	-0.03942724
1442.095	-0.03932489
1444.333	-0.03927959
1447.131	-0.03922314
1448.878	-0.03918797
1452.166	-0.03912198
1454.455	-0.0390762
1457.201	-0.03902143
1462.236	-0.03892148
1464.576	-0.03887525
1467.271	-0.03882213
1469.327	-0.03878175
1472.307	-0.03872337
1474.697	-0.03867668
1477.342	-0.03862519
1482.377	-0.03852758
1484.818	-0.03848047
1487.412	-0.03843056
1489.776	-0.0383852
1492.447	-0.03833409
1494.939	-0.03828654
1497.482	-0.03823816
1502.518	-0.03814279
1505.061	-0.03809484
1507.553	-0.03804796
1510.224	-0.03799787
1512.588	-0.03795368
1515.182	-0.03790532
1517.623	-0.03785993
1522.658	-0.03776673
1525.303	-0.03771798
1527.693	-0.03767404
1530.673	-0.03761944
1532.729	-0.03758189
1535.424	-0.03753275
1537.764	-0.03749023
1542.799	-0.03739909
1545.545	-0.03734959
1547.834	-0.03730845
1551.122	-0.03724951
1552.869	-0.03721829
1555.667	-0.03716842
1557.905	-0.03712863
1562.94	-0.03703944
1565.788	-0.03698921
1567.975	-0.03695073
1571.571	-0.03688766
1573.01	-0.03686249
1575.909	-0.0368119
1578.045	-0.03677472
1583.08	-0.03668741
1586.03	-0.03663649
1588.116	-0.03660059
1592.02	-0.03653356
1593.151	-0.03651422
1596.152	-0.03646296
1598.186	-0.0364283
1603.221	-0.03634281
1606.273	-0.03629122
1608.256	-0.03625777
1612.469	-0.03618695
1613.291	-0.03617317
1616.394	-0.03612125
1618.327	-0.03608898
1623.362	-0.03600523
1626.515	-0.035953
1628.397	-0.03592192
1632.918	-0.03584746
1633.432	-0.03583902
1636.636	-0.03578648
1638.467	-0.03575653
1643.503	-0.03567444
1646.758	-0.03562159
1648.538	-0.03559276
1653.367	-0.03551478
1653.573	-0.03551148
1656.879	-0.03545833
1658.608	-0.03543059
1663.643	-0.03535012
1667.0	-0.03529668
1668.678	-0.03527003
1673.714	-0.03519033
1673.816	-0.0351887
1677.121	-0.03513659
1678.749	-0.03511099
1683.784	-0.03503202
1687.242	-0.03497798
1688.819	-0.03495341
1693.854	-0.03487518
1694.265	-0.03486881
1697.364	-0.03482089
1698.889	-0.03479732
1703.925	-0.03471983
1707.485	-0.03466527
1708.96	-0.03464271
1713.995	-0.03456594
1714.714	-0.034555
1717.606	-0.0345111
1719.03	-0.03448953
1724.065	-0.03441344
1727.727	-0.03435832
1729.101	-0.0343377
1734.136	-0.03426229
1735.163	-0.03424694
1737.848	-0.03420691
1739.171	-0.03418724
1744.206	-0.03411252
1747.97	-0.0340569
1749.241	-0.03403815
1754.276	-0.03396411
1755.612	-0.03394453
1758.091	-0.03390825
1759.312	-0.03389041
1764.347	-0.03381705
1768.212	-0.03376094
1769.382	-0.033744
1774.417	-0.03367123
1776.061	-0.03364755
1778.333	-0.03361487
1779.452	-0.0335988
1784.487	-0.03352667
1788.455	-0.03347008
1789.523	-0.03345486
1794.558	-0.03338337
1796.51	-0.03335573
1798.576	-0.03332654
1799.593	-0.03331219
1804.628	-0.03324134
1808.697	-0.03318431
1809.663	-0.03317078
1814.698	-0.03310055
1816.959	-0.03306911
1818.818	-0.0330433
1819.734	-0.03303061
1824.769	-0.03296097
1828.939	-0.03290351
1829.804	-0.03289163
1834.839	-0.03282259
1837.408	-0.03278749
1839.061	-0.03276496
1839.874	-0.03275387
1844.91	-0.03268545
1849.182	-0.03262761
1849.945	-0.0326173
1854.98	-0.03254948
1857.857	-0.03251085
1859.303	-0.03249148
1860.015	-0.03248194
1865.05	-0.03241472
1869.424	-0.03235657
1870.085	-0.03234779
1875.121	-0.03228116
1878.306	-0.03223916
1879.545	-0.03222285
1880.156	-0.03221482
1885.191	-0.03214875
1889.667	-0.03209027
1890.226	-0.03208298
1895.261	-0.0320175
1898.755	-0.03197223
1899.788	-0.03195889
1900.296	-0.03195232
1905.332	-0.03188742
1909.909	-0.03182868
1910.367	-0.03182282
1915.402	-0.03175851
1919.204	-0.03171015
1920.03	-0.03169966
1920.437	-0.03169449
1925.472	-0.03163078
1930.152	-0.03157182
1930.508	-0.03156734
1935.543	-0.03150419
1939.653	-0.03145288
1940.273	-0.03144516
1940.578	-0.03144136
1945.613	-0.03137881
1950.394	-0.03131967
1950.648	-0.03131653
1955.683	-0.03125456
1960.102	-0.03120042
1960.515	-0.03119536
1960.719	-0.03119288
1965.754	-0.0311315
1970.636	-0.03107227
1970.789	-0.03107042
1975.824	-0.03100964
1980.551	-0.03095285
1980.758	-0.03095038
1980.859	-0.03094915
1985.894	-0.03088895
1990.879	-0.03082966
1990.93	-0.03082906
1995.965	-0.03076945
2001.0	-0.03071014
