999.0	0.1090594
1004.035	0.1086883
1009.07	0.1083194
1009.121	0.1083157
1014.106	0.1079528
1019.141	0.1075885
1019.242	0.1075812
1019.449	0.1075663
1024.176	0.1072265
1029.211	0.1068667
1029.364	0.1068559
1034.246	0.1065091
1039.281	0.1061537
1039.485	0.1061394
1039.898	0.1061103
1044.317	0.1058004
1049.352	0.1054492
1049.606	0.1054315
1054.387	0.1051001
1059.422	0.1047532
1059.727	0.1047323
1060.347	0.1046897
1064.457	0.1044084
1069.492	0.1040657
1069.848	0.1040415
1074.528	0.103725
1079.563	0.1033863
1079.97	0.1033591
1080.796	0.1033037
1084.598	0.1030497
1089.633	0.1027149
1090.091	0.1026846
1094.668	0.1023822
1099.704	0.1020513
1100.212	0.102018
1101.245	0.1019504
1104.739	0.1017224
1109.774	0.1013953
1110.333	0.1013591
1114.809	0.1010702
1119.844	0.100747
1120.455	0.1007079
1121.694	0.1006287
1124.879	0.1004256
1129.915	0.100106
1130.576	0.1000642
1134.95	0.09978823
1139.985	0.09947216
1140.697	0.09942761
1142.143	0.09933724
1145.02	0.09915786
1150.055	0.09884532
1150.818	0.09879811
1155.09	0.0985345
1160.126	0.09822541
1160.939	0.09817561
1162.592	0.09807463
1165.161	0.09791801
1170.196	0.0976123
1171.061	0.09755998
1175.231	0.09730826
1180.266	0.09700589
1181.182	0.09695109
1183.041	0.09683998
1185.302	0.09670516
1190.337	0.09640605
1191.303	0.09634883
1195.372	0.09610855
1200.407	0.09581274
1201.424	0.09575318
1203.49	0.09563244
1205.442	0.09551856
1210.477	0.09522594
1211.545	0.09516407
1215.513	0.09493489
1220.548	0.09464537
1221.667	0.09458124
1223.939	0.09445125
1225.583	0.0943574
1230.618	0.09407103
1231.788	0.09400473
1235.653	0.09378623
1240.688	0.09350292
1241.909	0.09343447
1244.388	0.09329572
1245.724	0.0932211
1250.759	0.09294075
1252.03	0.09287018
1255.794	0.09266187
1260.829	0.09238445
1262.152	0.09231183
1264.837	0.09216466
1265.864	0.09210846
1270.899	0.09183391
1272.273	0.09175924
1275.935	0.09156063
1280.97	0.09128875
1282.394	0.0912121
1285.286	0.09105681
1286.005	0.09101825
1291.04	0.09074912
1292.515	0.09067055
1296.075	0.09048136
1301.111	0.09021495
1302.636	0.09013448
1305.735	0.08997145
1306.146	0.08994986
1311.181	0.08968611
1312.758	0.0896038
1316.216	0.08942369
1321.251	0.08916258
1322.879	0.08907845
1326.184	0.08890804
1326.286	0.08890276
1331.322	0.08864422
1333.0	0.08855833
1336.357	0.08838698
1341.392	0.08813101
1343.121	0.0880434
1346.427	0.0878763
1346.633	0.08786593
1351.462	0.08762286
1353.242	0.08753356
1356.497	0.08737067
1361.533	0.08711972
1363.364	0.08702876
1366.568	0.08686998
1367.082	0.08684457
1371.603	0.08662145
1373.485	0.08652887
1376.638	0.08637412
1381.673	0.08612808
1383.606	0.08603397
1386.709	0.08588325
1387.531	0.08584339
1391.744	0.0856396
1393.727	0.08554393
1396.779	0.0853971
1401.814	0.08515576
1403.848	0.08505858
1406.849	0.08491557
1407.98	0.0848618
1411.884	0.08467651
1413.97	0.08457784
1416.92	0.08443857
1421.955	0.0842017
1424.091	0.08410154
1426.99	0.08396593
1428.429	0.08389878
1432.025	0.08373134
1434.212	0.08362982
1437.06	0.08349792
1442.095	0.08326558
1444.333	0.08316267
1447.131	0.08303433
1448.878	0.08295437
1452.166	0.08280418
1454.455	0.08269992
1457.201	0.0825751
1462.236	0.08234707
1464.576	0.08224147
1467.271	0.08212008
1469.327	0.08202773
1472.307	0.08189413
1474.697	0.08178722
1477.342	0.08166921
1482.377	0.08144533
1484.818	0.08133715
1487.412	0.08122247
1489.776	0.08111821
1492.447	0.08100062
1494.939	0.08089119
1497.482	0.08077976
1502.518	0.08055991
1505.061	0.08044925
1507.553	0.08034104
1510.224	0.08022531
1512.588	0.08012315
1515.182	0.08001128
1517.623	0.07990624
1522.658	0.07969028
1525.303	0.07957724
1527.693	0.0794753
1530.673	0.07934851
1532.729	0.07926126
1535.424	0.07914706
1537.764	0.07904817
1542.799	0.07883602
1545.545	0.07872069
1547.834	0.0786248
1551.122	0.07848736
1552.869	0.07841451
1555.667	0.07829808
1557.905	0.07820514
1562.94	0.07799668
1565.788	0.07787917
1567.975	0.07778918
1571.571	0.07764158
1573.01	0.07758266
1575.909	0.07746416
1578.045	0.07737704
1583.08	0.07717229
1586.03	0.07705276
1588.116	0.07696844
1592.02	0.07681096
1593.151	0.07676547
1596.152	0.07664492
1598.186	0.07656336
1603.221	0.07636212
1606.273	0.07624058
1608.256	0.07616174
1612.469	0.07599473
1613.291	0.07596221
1616.394	0.07583972
1618.327	0.07576359
1623.362	0.07556581
1626.515	0.07544238
1628.397	0.07536888
1632.918	0.07519274
1633.432	0.07517277
1636.636	0.07504841
1638.467	0.0749775
1643.503	0.07478305
1646.758	0.07465777
1648.538	0.07458942
1653.367	0.07440447
1653.573	0.07439661
1656.879	0.07427046
1658.608	0.07420462
1663.643	0.07401342
1667.0	0.0738864
1668.678	0.07382302
1673.714	0.07363344
1673.816	0.07362958
1677.121	0.07350561
1678.749	0.07344468
1683.784	0.07325668
1687.242	0.073128
1688.819	0.07306945
1693.854	0.07288301
1694.265	0.07286783
1697.364	0.07275352
1698.889	0.07269735
1703.925	0.07251243
1707.485	0.07238214
1708.96	0.07232828
1713.995	0.07214486
1714.714	0.0721187
1717.606	0.07201371
1719.03	0.0719621
1724.065	0.07178007
1727.727	0.07164814
1729.101	0.07159877
1734.136	0.07141821
1735.163	0.07138145
1737.848	0.07128553
1739.171	0.07123837
1744.206	0.07105926
1747.97	0.07092584
1749.241	0.07088087
1754.276	0.07070319
1755.612	0.07065617
1758.091	0.07056906
1759.312	0.07052622
1764.347	0.07034996
1768.212	0.07021513
1769.382	0.07017441
1774.417	0.06999966
1776.061	0.06994275
1778.333	0.06986421
1779.452	0.06982559
1784.487	0.06965222
1788.455	0.0695161
1789.523	0.06947953
1794.558	0.06930751
1796.51	0.06924099
1798.576	0.06917073
1799.593	0.06913617
1804.628	0.0689655
1808.697	0.06882808
1809.663	0.0687955
1814.698	0.06862616
1816.959	0.06855035
1818.818	0.06848811
1819.734	0.0684575
1824.769	0.06828951
1828.939	0.06815086
1829.804	0.06812217
1834.839	0.06795548
1837.408	0.06787068
1839.061	0.06781623
1839.874	0.06778943
1844.91	0.06762402
1849.182	0.06748418
1849.945	0.06745926
1854.98	0.06729512
1857.857	0.06720162
1859.303	0.0671547
1860.015	0.06713162
1865.05	0.06696873
1869.424	0.06682774
1870.085	0.06680647
1875.121	0.06664483
1878.306	0.06654288
1879.545	0.06650329
1880.156	0.0664838
1885.191	0.06632339
1889.667	0.06618131
1890.226	0.06616357
1895.261	0.06600438
1898.755	0.06589426
1899.788	0.06586177
1900.296	0.06584577
1905.332	0.06568776
1909.909	0.06554463
1910.367	0.06553034
1915.402	0.06537351
1919.204	0.06525548
1920.03	0.06522986
1920.437	0.06521726
1925.472	0.0650616
1930.152	0.06491745
1930.508	0.0649065
1935.543	0.06475198
1939.653	0.06462629
1940.273	0.06460738
1940.578	0.06459807
1945.613	0.06444476
1950.394	0.06429972
1950.648	0.06429202
1955.683	0.06413987
1960.102	0.06400681
1960.515	0.0639944
1960.719	0.06398828
1965.754	0.06383724
1970.636	0.06369131
1970.789	0.06368676
1975.824	0.06353683
1980.551	0.06339657
1980.758	0.06339044
1980.859	0.06338743
1985.894	0.06323858
1990.879	0.06309177
1990.93	0.06309028
1995.965	0.0629425
2001.0	0.06279534
