999.0	0.009572405
1004.035	0.009617726
1009.07	0.009662943
1009.121	0.009663398
1014.106	0.009708053
1019.141	0.009753057
1019.242	0.009753966
1019.449	0.009755808
1024.176	0.009797954
1029.211	0.009842748
1029.364	0.009844104
1034.246	0.009887437
1039.281	0.009932025
1039.485	0.009933826
1039.898	0.009937482
1044.317	0.009976518
1049.352	0.01002091
1049.606	0.01002315
1054.387	0.01006519
1059.422	0.01010936
1059.727	0.01011204
1060.347	0.01011747
1064.457	0.01015344
1069.492	0.01019741
1069.848	0.01020051
1074.528	0.01024127
1079.563	0.01028503
1079.97	0.01028857
1080.796	0.01029574
1084.598	0.0103287
1089.633	0.01037226
1090.091	0.01037621
1094.668	0.01041571
1099.704	0.01045907
1100.212	0.01046345
1101.245	0.01047232
1104.739	0.01050233
1109.774	0.0105455
1110.333	0.01055029
1114.809	0.01058856
1119.844	0.01063153
1120.455	0.01063673
1121.694	0.01064729
1124.879	0.0106744
1129.915	0.01071716
1130.576	0.01072277
1134.95	0.01075983
1139.985	0.0108024
1140.697	0.01080842
1142.143	0.01082062
1145.02	0.01084488
1150.055	0.01088726
1150.818	0.01089367
1155.09	0.01092955
1160.126	0.01097174
1160.939	0.01097855
1162.592	0.01099237
1165.161	0.01101384
1170.196	0.01105584
1171.061	0.01106304
1175.231	0.01109774
1180.266	0.01113955
1181.182	0.01114714
1183.041	0.01116255
1185.302	0.01118126
1190.337	0.01122288
1191.303	0.01123086
1195.372	0.01126442
1200.407	0.01130586
1201.424	0.01131422
1203.49	0.01133119
1205.442	0.01134721
1210.477	0.01138847
1211.545	0.01139721
1215.513	0.01142964
1220.548	0.01147072
1221.667	0.01147983
1223.939	0.01149833
1225.583	0.01151171
1230.618	0.0115526
1231.788	0.01156209
1235.653	0.01159341
1240.688	0.01163412
1241.909	0.01164398
1244.388	0.01166398
1245.724	0.01167475
1250.759	0.01171529
1252.03	0.01172551
1255.794	0.01175574
1260.829	0.0117961
1262.152	0.01180668
1264.837	0.01182815
1265.864	0.01183636
1270.899	0.01187656
1272.273	0.01188751
1275.935	0.01191667
1280.97	0.01195669
1282.394	0.01196799
1285.286	0.01199092
1286.005	0.01199662
1291.04	0.01203647
1292.515	0.01204812
1296.075	0.01207622
1301.111	0.0121159
1302.636	0.0121279
1305.735	0.01215225
1306.146	0.01215548
1311.181	0.01219498
1312.758	0.01220734
1316.216	0.01223441
1321.251	0.01227374
1322.879	0.01228644
1326.184	0.01231219
1326.286	0.012313
1331.322	0.01235217
1333.0	0.01236521
1336.357	0.01239126
1341.392	0.01243027
1343.121	0.01244365
1346.427	0.01246921
1346.633	0.01247079
1351.462	0.01250806
1353.242	0.01252177
1356.497	0.01254682
1361.533	0.01258551
1363.364	0.01259956
1366.568	0.01262412
1367.082	0.01262806
1371.603	0.01266264
1373.485	0.01267702
1376.638	0.01270109
1381.673	0.01273945
1383.606	0.01275415
1386.709	0.01277773
1387.531	0.01278397
1391.744	0.01281593
1393.727	0.01283096
1396.779	0.01285406
1401.814	0.01289211
1403.848	0.01290747
1406.849	0.0129301
1407.98	0.01293861
1411.884	0.01296801
1413.97	0.01298369
1416.92	0.01300585
1421.955	0.0130436
1424.091	0.01305959
1426.99	0.01308127
1428.429	0.01309202
1432.025	0.01311886
1434.212	0.01313517
1437.06	0.01315639
1442.095	0.01319383
1444.333	0.01321045
1447.131	0.01323121
1448.878	0.01324416
1452.166	0.01326851
1454.455	0.01328543
1457.201	0.01330572
1462.236	0.01334289
1464.576	0.01336012
1467.271	0.01337996
1469.327	0.01339507
1472.307	0.01341697
1474.697	0.01343451
1477.342	0.0134539
1482.377	0.01349076
1484.818	0.0135086
1487.412	0.01352754
1489.776	0.01354479
1492.447	0.01356426
1494.939	0.0135824
1497.482	0.0136009
1502.518	0.01363748
1505.061	0.01365592
1507.553	0.01367398
1510.224	0.01369331
1512.588	0.01371041
1515.182	0.01372915
1517.623	0.01374677
1522.658	0.01378305
1525.303	0.01380209
1527.693	0.01381928
1530.673	0.01384068
1532.729	0.01385543
1535.424	0.01387475
1537.764	0.01389152
1542.799	0.01392753
1545.545	0.01394715
1547.834	0.01396349
1551.122	0.01398694
1552.869	0.01399939
1555.667	0.0140193
1557.905	0.01403522
1562.94	0.01407098
1565.788	0.01409119
1567.975	0.01410669
1571.571	0.01413215
1573.01	0.01414233
1575.909	0.01416281
1578.045	0.0141779
1583.08	0.0142134
1586.03	0.01423417
1588.116	0.01424884
1592.02	0.01427628
1593.151	0.01428421
1596.152	0.01430526
1598.186	0.01431951
1603.221	0.01435475
1606.273	0.01437608
1608.256	0.01438993
1612.469	0.01441932
1613.291	0.01442504
1616.394	0.01444665
1618.327	0.0144601
1623.362	0.01449508
1626.515	0.01451696
1628.397	0.01453001
1632.918	0.01456131
1633.432	0.01456487
1636.636	0.01458702
1638.467	0.01459966
1643.503	0.0146344
1646.758	0.01465681
1648.538	0.01466907
1653.367	0.01470227
1653.573	0.01470368
1656.879	0.01472636
1658.608	0.01473822
1663.643	0.01477271
1667.0	0.01479567
1668.678	0.01480713
1673.714	0.01484151
1673.816	0.01484221
1677.121	0.01486474
1678.749	0.01487583
1683.784	0.0149101
1687.242	0.01493361
1688.819	0.01494431
1693.854	0.01497847
1694.265	0.01498125
1697.364	0.01500223
1698.889	0.01501256
1703.925	0.01504659
1707.485	0.01507062
1708.96	0.01508057
1713.995	0.01511451
1714.714	0.01511935
1717.606	0.0151388
1719.03	0.01514838
1724.065	0.0151822
1727.727	0.01520677
1729.101	0.01521597
1734.136	0.01524968
1735.163	0.01525656
1737.848	0.01527451
1739.171	0.01528334
1744.206	0.01531694
1747.97	0.01534203
1749.241	0.0153505
1754.276	0.01538399
1755.612	0.01539287
1758.091	0.01540933
1759.312	0.01541744
1764.347	0.01545083
1768.212	0.01547643
1769.382	0.01548416
1774.417	0.01551746
1776.061	0.01552831
1778.333	0.01554331
1779.452	0.01555069
1784.487	0.01558387
1788.455	0.01560997
1789.523	0.015617
1794.558	0.01565007
1796.51	0.01566288
1798.576	0.01567643
1799.593	0.0156831
1804.628	0.01571608
1808.697	0.01574269
1809.663	0.01574901
1814.698	0.01578191
1816.959	0.01579666
1818.818	0.01580879
1819.734	0.01581476
1824.769	0.01584754
1828.939	0.01587466
1829.804	0.01588028
1834.839	0.01591297
1837.408	0.01592963
1839.061	0.01594034
1839.874	0.01594561
1844.91	0.0159782
1849.182	0.01600584
1849.945	0.01601076
1854.98	0.01604327
1857.857	0.01606183
1859.303	0.01607115
1860.015	0.01607574
1865.05	0.01610817
1869.424	0.01613631
1870.085	0.01614056
1875.121	0.01617293
1878.306	0.01619337
1879.545	0.01620132
1880.156	0.01620524
1885.191	0.01623751
1889.667	0.01626616
1890.226	0.01626974
1895.261	0.01630192
1898.755	0.01632423
1899.788	0.01633082
1900.296	0.01633406
1905.332	0.01636616
1909.909	0.0163953
1910.367	0.01639822
1915.402	0.01643023
1919.204	0.01645438
1920.03	0.01645961
1920.437	0.0164622
1925.472	0.01649413
1930.152	0.01652377
1930.508	0.01652602
1935.543	0.01655788
1939.653	0.01658386
1940.273	0.01658777
1940.578	0.01658969
1945.613	0.01662147
1950.394	0.01665159
1950.648	0.01665319
1955.683	0.01668487
1960.102	0.01671264
1960.515	0.01671524
1960.719	0.01671652
1965.754	0.01674811
1970.636	0.01677871
1970.789	0.01677967
1975.824	0.01681119
1980.551	0.01684074
1980.758	0.01684203
1980.859	0.01684267
1985.894	0.01687411
1990.879	0.0169052
1990.93	0.01690552
1995.965	0.01693691
2001.0	0.01696829
