999.0	-0.05897112
1004.035	-0.0588861
1009.07	-0.05880154
1009.121	-0.05880069
1014.106	-0.05871741
1019.141	-0.05863382
1019.242	-0.05863214
1019.449	-0.05862872
1024.176	-0.05855078
1029.211	-0.05846816
1029.364	-0.05846567
1034.246	-0.05838597
1039.281	-0.0583042
1039.485	-0.05830091
1039.898	-0.05829423
1044.317	-0.05822286
1049.352	-0.05814195
1049.606	-0.05813787
1054.387	-0.05806143
1059.422	-0.05798131
1059.727	-0.05797647
1060.347	-0.05796664
1064.457	-0.0579016
1069.492	-0.0578223
1069.848	-0.05781671
1074.528	-0.05774341
1079.563	-0.0576649
1079.97	-0.05765858
1080.796	-0.05764574
1084.598	-0.05758679
1089.633	-0.05750908
1090.091	-0.05750202
1094.668	-0.05743174
1099.704	-0.05735479
1100.212	-0.05734705
1101.245	-0.05733132
1104.739	-0.05727823
1109.774	-0.05720202
1110.333	-0.05719358
1114.809	-0.05712619
1119.844	-0.05705069
1120.455	-0.05704156
1121.694	-0.05702305
1124.879	-0.05697555
1129.915	-0.05690076
1130.576	-0.05689096
1134.95	-0.05682633
1139.985	-0.05675223
1140.697	-0.05674178
1142.143	-0.05672057
1145.02	-0.05667849
1150.055	-0.05660511
1150.818	-0.05659402
1155.09	-0.05653207
1160.126	-0.05645938
1160.939	-0.05644765
1162.592	-0.05642389
1165.161	-0.05638702
1170.196	-0.05631501
1171.061	-0.05630268
1175.231	-0.05624332
1180.266	-0.05617198
1181.182	-0.05615905
1183.041	-0.05613282
1185.302	-0.05610098
1190.337	-0.05603029
1191.303	-0.05601676
1195.372	-0.05595993
1200.407	-0.05589
1201.424	-0.05587592
1203.49	-0.05584737
1205.442	-0.05582043
1210.477	-0.05575118
1211.545	-0.05573652
1215.513	-0.05568225
1220.548	-0.05561362
1221.667	-0.05559841
1223.939	-0.05556757
1225.583	-0.05554531
1230.618	-0.0554773
1231.788	-0.05546154
1235.653	-0.05540958
1240.688	-0.05534217
1241.909	-0.05532587
1244.388	-0.05529282
1245.724	-0.05527506
1250.759	-0.05520825
1252.03	-0.05519141
1255.794	-0.0551417
1260.829	-0.05507545
1262.152	-0.0550581
1264.837	-0.05502292
1265.864	-0.05500948
1270.899	-0.05494377
1272.273	-0.0549259
1275.935	-0.05487836
1280.97	-0.05481322
1282.394	-0.05479485
1285.286	-0.05475761
1286.005	-0.05474836
1291.04	-0.05468378
1292.515	-0.05466492
1296.075	-0.05461948
1301.111	-0.05455545
1302.636	-0.0545361
1305.735	-0.05449687
1306.146	-0.05449168
1311.181	-0.05442818
1312.758	-0.05440836
1316.216	-0.05436497
1321.251	-0.05430201
1322.879	-0.05428171
1326.184	-0.05424057
1326.286	-0.0542393
1331.322	-0.05417686
1333.0	-0.0541561
1336.357	-0.05411467
1341.392	-0.05405271
1343.121	-0.05403148
1346.427	-0.05399099
1346.633	-0.05398847
1351.462	-0.05392953
1353.242	-0.05390785
1356.497	-0.0538683
1361.533	-0.05380734
1363.364	-0.05378523
1366.568	-0.05374664
1367.082	-0.05374046
1371.603	-0.05368616
1373.485	-0.05366363
1376.638	-0.05362595
1381.673	-0.05356604
1383.606	-0.05354312
1386.709	-0.05350639
1387.531	-0.05349668
1391.744	-0.053447
1393.727	-0.05342366
1396.779	-0.05338782
1401.814	-0.05332888
1403.848	-0.05330513
1406.849	-0.05327015
1407.98	-0.053257
1411.884	-0.05321166
1413.97	-0.0531875
1416.92	-0.05315338
1421.955	-0.05309536
1424.091	-0.05307081
1426.99	-0.05303756
1428.429	-0.05302109
1432.025	-0.05297997
1434.212	-0.05295504
1437.06	-0.05292261
1442.095	-0.05286548
1444.333	-0.05284016
1447.131	-0.05280855
1448.878	-0.05278884
1452.166	-0.0527518
1454.455	-0.05272608
1457.201	-0.05269527
1462.236	-0.05263898
1464.576	-0.05261288
1467.271	-0.05258288
1469.327	-0.05256005
1472.307	-0.05252701
1474.697	-0.05250054
1477.342	-0.05247134
1482.377	-0.0524159
1484.818	-0.05238908
1487.412	-0.05236064
1489.776	-0.05233478
1492.447	-0.05230561
1494.939	-0.05227844
1497.482	-0.05225077
1502.518	-0.05219615
1505.061	-0.05216864
1507.553	-0.05214173
1510.224	-0.05211294
1512.588	-0.05208751
1515.182	-0.05205965
1517.623	-0.05203349
1522.658	-0.05197965
1525.303	-0.05195146
1527.693	-0.05192604
1530.673	-0.05189439
1532.729	-0.0518726
1535.424	-0.05184406
1537.764	-0.05181935
1542.799	-0.0517663
1545.545	-0.05173744
1547.834	-0.05171344
1551.122	-0.05167902
1552.869	-0.05166077
1555.667	-0.05163158
1557.905	-0.05160828
1562.94	-0.05155596
1565.788	-0.05152646
1567.975	-0.05150386
1571.571	-0.0514668
1573.01	-0.05145199
1575.909	-0.0514222
1578.045	-0.05140029
1583.08	-0.05134876
1586.03	-0.05131866
1588.116	-0.05129742
1592.02	-0.05125774
1593.151	-0.05124627
1596.152	-0.05121587
1598.186	-0.0511953
1603.221	-0.05114449
1606.273	-0.05111379
1608.256	-0.05109387
1612.469	-0.05105164
1613.291	-0.05104341
1616.394	-0.05101242
1618.327	-0.05099315
1623.362	-0.05094305
1626.515	-0.05091177
1628.397	-0.05089313
1632.918	-0.05084844
1633.432	-0.05084338
1636.636	-0.05081181
1638.467	-0.05079379
1643.503	-0.05074439
1646.758	-0.05071252
1648.538	-0.05069512
1653.367	-0.05064801
1653.573	-0.050646
1656.879	-0.05061383
1658.608	-0.05059705
1663.643	-0.05054824
1667.0	-0.0505158
1668.678	-0.0504996
1673.714	-0.05045111
1673.816	-0.05045012
1677.121	-0.05041839
1678.749	-0.05040278
1683.784	-0.0503546
1687.242	-0.05032163
1688.819	-0.05030661
1693.854	-0.05025876
1694.265	-0.05025487
1697.364	-0.0502255
1698.889	-0.05021107
1703.925	-0.05016352
1707.485	-0.05012999
1708.96	-0.05011613
1713.995	-0.05006891
1714.714	-0.05006218
1717.606	-0.05003517
1719.03	-0.05002188
1724.065	-0.04997502
1727.727	-0.04994102
1729.101	-0.0499283
1734.136	-0.04988173
1735.163	-0.04987225
1737.848	-0.04984748
1739.171	-0.04983529
1744.206	-0.04978901
1747.97	-0.04975452
1749.241	-0.04974289
1754.276	-0.04969691
1755.612	-0.04968473
1758.091	-0.04966216
1759.312	-0.04965107
1764.347	-0.04960536
1768.212	-0.04957037
1769.382	-0.04955977
1774.417	-0.0495144
1776.061	-0.0494996
1778.333	-0.04947919
1779.452	-0.04946915
1784.487	-0.04942403
1788.455	-0.04938857
1789.523	-0.04937905
1794.558	-0.0493342
1796.51	-0.04931685
1798.576	-0.04929852
1799.593	-0.04928951
1804.628	-0.04924494
1808.697	-0.04920902
1809.663	-0.04920051
1814.698	-0.0491562
1816.959	-0.04913637
1818.818	-0.04912007
1819.734	-0.04911205
1824.769	-0.04906802
1828.939	-0.04903166
1829.804	-0.04902414
1834.839	-0.04898038
1837.408	-0.0489581
1839.061	-0.04894379
1839.874	-0.04893675
1844.91	-0.04889324
1849.182	-0.04885645
1849.945	-0.04884989
1854.98	-0.04880663
1857.857	-0.048782
1859.303	-0.04876962
1860.015	-0.04876352
1865.05	-0.04872053
1869.424	-0.04868325
1870.085	-0.04867763
1875.121	-0.04863488
1878.306	-0.04860788
1879.545	-0.04859739
1880.156	-0.04859224
1885.191	-0.04854971
1889.667	-0.04851202
1890.226	-0.0485073
1895.261	-0.04846503
1898.755	-0.04843578
1899.788	-0.04842713
1900.296	-0.04842287
1905.332	-0.04838084
1909.909	-0.04834274
1910.367	-0.04833893
1915.402	-0.04829714
1919.204	-0.04826565
1920.03	-0.0482588
1920.437	-0.04825546
1925.472	-0.0482139
1930.152	-0.04817538
1930.508	-0.04817245
1935.543	-0.04813112
1939.653	-0.04809748
1940.273	-0.04809242
1940.578	-0.04808992
1945.613	-0.04804886
1950.394	-0.04800996
1950.648	-0.04800789
1955.683	-0.04796702
1960.102	-0.04793124
1960.515	-0.04792793
1960.719	-0.04792627
1965.754	-0.04788561
1970.636	-0.04784633
1970.789	-0.0478451
1975.824	-0.04780469
1980.551	-0.04776685
1980.758	-0.04776518
1980.859	-0.04776439
1985.894	-0.0477242
1990.879	-0.04768452
1990.93	-0.04768411
1995.965	-0.04764413
2001.0	-0.04760429
