999.0	0.005613425
1004.035	0.005641259
1009.07	0.005669033
1009.121	0.005669316
1014.106	0.005696759
1019.141	0.005724424
1019.242	0.005724981
1019.449	0.005726116
1024.176	0.00575204
1029.211	0.005779605
1029.364	0.005780436
1034.246	0.005807117
1039.281	0.005834581
1039.485	0.005835687
1039.898	0.005837935
1044.317	0.005861994
1049.352	0.005889351
1049.606	0.005890733
1054.387	0.005916658
1059.422	0.005943912
1059.727	0.005945559
1060.347	0.005948912
1064.457	0.005971116
1069.492	0.005998268
1069.848	0.006000187
1074.528	0.006025364
1079.563	0.006052415
1079.97	0.006054595
1080.796	0.00605903
1084.598	0.006079412
1089.633	0.006106353
1090.091	0.006108805
1094.668	0.006133255
1099.704	0.006160101
1100.212	0.006162807
1101.245	0.006168308
1104.739	0.006186902
1109.774	0.006213658
1110.333	0.006216621
1114.809	0.006240355
1119.844	0.006267008
1120.455	0.006270237
1121.694	0.006276788
1124.879	0.006293615
1129.915	0.006320169
1130.576	0.006323661
1134.95	0.006346681
1139.985	0.006373144
1140.697	0.006376882
1142.143	0.006384477
1145.02	0.00639956
1150.055	0.00642592
1150.818	0.006429913
1155.09	0.006452241
1160.126	0.006478511
1160.939	0.006482762
1162.592	0.006491367
1165.161	0.006504744
1170.196	0.006530921
1171.061	0.006535409
1175.231	0.00655706
1180.266	0.006583138
1181.182	0.00658787
1183.041	0.006597484
1185.302	0.00660917
1190.337	0.006635165
1191.303	0.006640148
1195.372	0.006661116
1200.407	0.006687028
1201.424	0.006692253
1203.49	0.006702865
1205.442	0.006712888
1210.477	0.006738709
1211.545	0.006744186
1215.513	0.006764479
1220.548	0.006790217
1221.667	0.00679593
1223.939	0.006807527
1225.583	0.006815902
1230.618	0.006841554
1231.788	0.006847504
1235.653	0.006867158
1240.688	0.006892719
1241.909	0.006898908
1244.388	0.00691147
1245.724	0.006918228
1250.759	0.006943701
1252.03	0.006950134
1255.794	0.00696914
1260.829	0.006994526
1262.152	0.007001187
1264.837	0.007014709
1265.864	0.007019876
1270.899	0.007045189
1272.273	0.007052083
1275.935	0.007070454
1280.97	0.007095681
1282.394	0.007102811
1285.286	0.007117273
1286.005	0.007120871
1291.04	0.007146009
1292.515	0.007153364
1296.075	0.007171109
1301.111	0.007196163
1302.636	0.007203748
1305.735	0.007219147
1306.146	0.007221189
1311.181	0.007246167
1312.758	0.007253979
1316.216	0.007271096
1321.251	0.007295994
1322.879	0.007304039
1326.184	0.007320361
1326.286	0.007320864
1331.322	0.007345688
1333.0	0.007353959
1336.357	0.007370476
1341.392	0.007395226
1343.121	0.007403719
1346.427	0.007419938
1346.633	0.007420949
1351.462	0.007444609
1353.242	0.007453328
1356.497	0.007469256
1361.533	0.007493854
1363.364	0.007502795
1366.568	0.007518411
1367.082	0.007520915
1371.603	0.007542944
1373.485	0.007552095
1376.638	0.007567422
1381.673	0.007591874
1383.606	0.007601249
1386.709	0.00761629
1387.531	0.007620271
1391.744	0.007640662
1393.727	0.007650257
1396.779	0.00766501
1401.814	0.007689318
1403.848	0.007699128
1406.849	0.007713596
1407.98	0.007719043
1411.884	0.007737837
1413.97	0.007747868
1416.92	0.007762056
1421.955	0.007786221
1424.091	0.00779647
1426.99	0.007810357
1428.429	0.007817244
1432.025	0.007834461
1434.212	0.007844912
1437.06	0.007858521
1442.095	0.007882547
1444.333	0.007893214
1447.131	0.007906542
1448.878	0.00791486
1452.166	0.007930512
1454.455	0.007941392
1457.201	0.007954449
1462.236	0.007978338
1464.576	0.007989436
1467.271	0.008002207
1469.327	0.008011939
1472.307	0.008026038
1474.697	0.008037349
1477.342	0.008049844
1482.377	0.008073607
1484.818	0.008085128
1487.412	0.008097355
1489.776	0.008108487
1492.447	0.008121063
1494.939	0.008132785
1497.482	0.00814475
1502.518	0.008168387
1505.061	0.008180316
1507.553	0.008192002
1510.224	0.008204519
1512.588	0.008215586
1515.182	0.008227725
1517.623	0.008239139
1522.658	0.008262672
1525.303	0.008275011
1527.693	0.008286153
1530.673	0.008300044
1532.729	0.008309616
1535.424	0.008322172
1537.764	0.008333051
1542.799	0.008356448
1545.545	0.0083692
1547.834	0.008379816
1551.122	0.008395078
1552.869	0.008403169
1555.667	0.008416132
1557.905	0.008426491
1562.94	0.008449789
1565.788	0.008462949
1567.975	0.008473055
1571.571	0.008489648
1573.01	0.00849629
1575.909	0.00850966
1578.045	0.008519498
1583.08	0.008542689
1586.03	0.008556258
1588.116	0.008565846
1592.02	0.008583777
1593.151	0.008588965
1596.152	0.008602732
1598.186	0.008612057
1603.221	0.008635133
1606.273	0.008649103
1608.256	0.008658177
1612.469	0.008677443
1613.291	0.008681199
1616.394	0.00869537
1618.327	0.008704189
1623.362	0.00872716
1626.515	0.008741531
1628.397	0.008750099
1632.918	0.008770678
1633.432	0.008773011
1636.636	0.00878758
1638.467	0.008795904
1643.503	0.008818761
1646.758	0.008833534
1648.538	0.008841603
1653.367	0.008863482
1653.573	0.008864419
1656.879	0.008879384
1658.608	0.0088872
1663.643	0.008909969
1667.0	0.008925128
1668.678	0.00893271
1673.714	0.008955431
1673.816	0.008955892
1677.121	0.008970784
1678.749	0.008978122
1683.784	0.009000795
1687.242	0.009016339
1688.819	0.009023432
1693.854	0.009046049
1694.265	0.009047894
1697.364	0.009061807
1698.889	0.009068644
1703.925	0.009091224
1707.485	0.009107173
1708.96	0.009113775
1713.995	0.009136312
1714.714	0.009139533
1717.606	0.009152471
1719.03	0.009158838
1724.065	0.009181335
1727.727	0.009197688
1729.101	0.009203817
1734.136	0.009226273
1735.163	0.009230851
1737.848	0.009242823
1739.171	0.009248717
1744.206	0.009271137
1747.97	0.009287877
1749.241	0.009293524
1754.276	0.009315899
1755.612	0.009321836
1758.091	0.009332845
1759.312	0.009338258
1764.347	0.009360594
1768.212	0.009377732
1769.382	0.00938293
1774.417	0.009405216
1776.061	0.009412496
1778.333	0.009422547
1779.452	0.009427495
1784.487	0.009449752
1788.455	0.009467284
1789.523	0.009471996
1794.558	0.009494225
1796.51	0.009502836
1798.576	0.009511939
1799.593	0.009516423
1804.628	0.009538612
1808.697	0.009556533
1809.663	0.00956078
1814.698	0.009582934
1816.959	0.009592861
1818.818	0.009601029
1819.734	0.009605051
1824.769	0.009627155
1828.939	0.009645445
1829.804	0.009649237
1834.839	0.009671312
1837.408	0.009682566
1839.061	0.009689804
1839.874	0.009693365
1844.91	0.009715416
1849.182	0.009734093
1849.945	0.009737434
1854.98	0.009759446
1857.857	0.009772007
1859.303	0.009778323
1860.015	0.009781438
1865.05	0.00980342
1869.424	0.009822529
1870.085	0.009825411
1875.121	0.009847372
1878.306	0.009861268
1879.545	0.009866671
1880.156	0.009869329
1885.191	0.009891274
1889.667	0.009910766
1890.226	0.009913208
1895.261	0.009935118
1898.755	0.00995031
1899.788	0.009954808
1900.296	0.009957019
1905.332	0.009978903
1909.909	0.009998783
1910.367	0.01000078
1915.402	0.01002263
1919.204	0.01003913
1920.03	0.01004272
1920.437	0.01004448
1925.472	0.01006631
1930.152	0.01008659
1930.508	0.01008814
1935.543	0.01010995
1939.653	0.01012775
1940.273	0.01013043
1940.578	0.01013176
1945.613	0.01015354
1950.394	0.01017421
1950.648	0.01017531
1955.683	0.01019706
1960.102	0.01021614
1960.515	0.01021792
1960.719	0.0102188
1965.754	0.01024052
1970.636	0.01026155
1970.789	0.01026221
1975.824	0.01028389
1980.551	0.01030424
1980.758	0.01030514
1980.859	0.01030557
1985.894	0.01032724
1990.879	0.01034868
1990.93	0.0103489
1995.965	0.01037056
2001.0	0.01039221
