999.0	0.0310348
1004.035	0.03096229
1009.07	0.03089058
1009.121	0.03088985
1014.106	0.03081962
1019.141	0.03074944
1019.242	0.03074802
1019.449	0.03074516
1024.176	0.03067999
1029.211	0.03061127
1029.364	0.0306092
1034.246	0.03054326
1039.281	0.03047595
1039.485	0.03047324
1039.898	0.03046775
1044.317	0.03040929
1049.352	0.03034328
1049.606	0.03033996
1054.387	0.03027792
1059.422	0.0302132
1059.727	0.0302093
1060.347	0.03020138
1064.457	0.03014912
1069.492	0.03008564
1069.848	0.03008118
1074.528	0.03002273
1079.563	0.0299604
1079.97	0.02995539
1080.796	0.02994522
1084.598	0.02989863
1089.633	0.02983742
1090.091	0.02983188
1094.668	0.02977676
1099.704	0.02971665
1100.212	0.02971061
1101.245	0.02969834
1104.739	0.02965704
1109.774	0.02959794
1110.333	0.02959141
1114.809	0.02953935
1119.844	0.02948128
1120.455	0.02947428
1121.694	0.02946007
1124.879	0.02942369
1129.915	0.0293666
1130.576	0.02935913
1134.95	0.02930994
1139.985	0.02925374
1140.697	0.02924583
1142.143	0.02922979
1145.02	0.02919799
1150.055	0.02914269
1150.818	0.02913435
1155.09	0.02908782
1160.126	0.02903338
1160.939	0.02902462
1162.592	0.02900687
1165.161	0.02897936
1170.196	0.02892571
1171.061	0.02891654
1175.231	0.02887248
1180.266	0.02881966
1181.182	0.0288101
1183.041	0.02879073
1185.302	0.02876724
1190.337	0.0287152
1191.303	0.02870526
1195.372	0.02866355
1200.407	0.02861229
1201.424	0.02860199
1203.49	0.02858111
1205.442	0.02856142
1210.477	0.02851088
1211.545	0.02850021
1215.513	0.0284607
1220.548	0.02841086
1221.667	0.02839983
1223.939	0.02837749
1225.583	0.02836137
1230.618	0.02831222
1231.788	0.02830085
1235.653	0.02826341
1240.688	0.02821494
1241.909	0.02820323
1244.388	0.02817952
1245.724	0.02816677
1250.759	0.0281189
1252.03	0.02810685
1255.794	0.02807133
1260.829	0.02802408
1262.152	0.02801172
1264.837	0.02798669
1265.864	0.02797713
1270.899	0.02793048
1272.273	0.02791781
1275.935	0.02788413
1280.97	0.02783807
1282.394	0.0278251
1285.286	0.02779883
1286.005	0.02779231
1291.04	0.02774683
1292.515	0.02773355
1296.075	0.0277016
1301.111	0.02765663
1302.636	0.02764306
1305.735	0.02761558
1306.146	0.02761193
1311.181	0.02756751
1312.758	0.02755364
1316.216	0.02752333
1321.251	0.02747941
1322.879	0.02746527
1326.184	0.02743663
1326.286	0.02743575
1331.322	0.02739233
1333.0	0.02737791
1336.357	0.02734916
1341.392	0.02730622
1343.121	0.02729152
1346.427	0.0272635
1346.633	0.02726177
1351.462	0.02722102
1353.242	0.02720606
1356.497	0.02717877
1361.533	0.02713676
1363.364	0.02712152
1366.568	0.02709493
1367.082	0.02709068
1371.603	0.02705332
1373.485	0.02703785
1376.638	0.02701197
1381.673	0.02697081
1383.606	0.02695507
1386.709	0.02692986
1387.531	0.02692319
1391.744	0.02688913
1393.727	0.02687313
1396.779	0.02684858
1401.814	0.02680823
1403.848	0.02679198
1406.849	0.02676805
1407.98	0.02675907
1411.884	0.0267281
1413.97	0.0267116
1416.92	0.02668833
1421.955	0.02664874
1424.091	0.026632
1426.99	0.02660935
1428.429	0.02659811
1432.025	0.02657012
1434.212	0.02655316
1437.06	0.0265311
1442.095	0.02649225
1444.333	0.02647504
1447.131	0.02645358
1448.878	0.0264402
1452.166	0.02641507
1454.455	0.02639761
1457.201	0.0263767
1462.236	0.02633853
1464.576	0.02632085
1467.271	0.02630052
1469.327	0.02628506
1472.307	0.02626268
1474.697	0.02624477
1477.342	0.026225
1482.377	0.02618749
1484.818	0.02616937
1487.412	0.02615015
1489.776	0.02613268
1492.447	0.02611298
1494.939	0.02609463
1497.482	0.02607595
1502.518	0.02603907
1505.061	0.02602051
1507.553	0.02600235
1510.224	0.02598293
1512.588	0.02596579
1515.182	0.02594702
1517.623	0.02592939
1522.658	0.02589311
1525.303	0.02587413
1527.693	0.02585701
1530.673	0.02583571
1532.729	0.02582105
1535.424	0.02580186
1537.764	0.02578524
1542.799	0.02574958
1545.545	0.02573018
1547.834	0.02571405
1551.122	0.0256909
1552.869	0.02567863
1555.667	0.02565903
1557.905	0.02564337
1562.94	0.02560826
1565.788	0.02558846
1567.975	0.02557329
1571.571	0.02554839
1573.01	0.02553845
1575.909	0.02551846
1578.045	0.02550375
1583.08	0.02546918
1586.03	0.02544901
1588.116	0.02543477
1592.02	0.02540818
1593.151	0.02540049
1596.152	0.02538012
1598.186	0.02536634
1603.221	0.02533232
1606.273	0.02531177
1608.256	0.02529844
1612.469	0.02527021
1613.291	0.0252647
1616.394	0.02524398
1618.327	0.02523109
1623.362	0.02519762
1626.515	0.02517672
1628.397	0.02516428
1632.918	0.02513445
1633.432	0.02513107
1636.636	0.02511001
1638.467	0.02509801
1643.503	0.02506509
1646.758	0.02504388
1648.538	0.02503231
1653.367	0.02500098
1653.573	0.02499966
1656.879	0.02497829
1658.608	0.02496714
1663.643	0.02493475
1667.0	0.02491322
1668.678	0.02490248
1673.714	0.02487035
1673.816	0.0248697
1677.121	0.02484869
1678.749	0.02483836
1683.784	0.02480652
1687.242	0.02478473
1688.819	0.02477482
1693.854	0.02474326
1694.265	0.02474068
1697.364	0.02472133
1698.889	0.02471182
1703.925	0.02468053
1707.485	0.02465848
1708.96	0.02464938
1713.995	0.02461837
1714.714	0.02461394
1717.606	0.02459622
1719.03	0.0245875
1724.065	0.02455678
1727.727	0.02453452
1729.101	0.0245262
1734.136	0.02449576
1735.163	0.02448957
1737.848	0.0244734
1739.171	0.02446546
1744.206	0.02443531
1747.97	0.02441288
1749.241	0.02440531
1754.276	0.02437546
1755.612	0.02436756
1758.091	0.02435295
1759.312	0.02434576
1764.347	0.0243162
1768.212	0.0242936
1769.382	0.02428677
1774.417	0.02425751
1776.061	0.02424799
1778.333	0.02423485
1779.452	0.02422839
1784.487	0.02419943
1788.455	0.0241767
1789.523	0.0241706
1794.558	0.02414192
1796.51	0.02413084
1798.576	0.02411915
1799.593	0.02411339
1804.628	0.02408502
1808.697	0.02406221
1809.663	0.0240568
1814.698	0.02402875
1816.959	0.0240162
1818.818	0.0240059
1819.734	0.02400084
1824.769	0.02397309
1828.939	0.02395022
1829.804	0.02394549
1834.839	0.02391804
1837.408	0.0239041
1839.061	0.02389516
1839.874	0.02389077
1844.91	0.02386364
1849.182	0.02384077
1849.945	0.02383669
1854.98	0.02380989
1857.857	0.02379465
1859.303	0.02378701
1860.015	0.02378325
1865.05	0.02375678
1869.424	0.02373392
1870.085	0.02373046
1875.121	0.02370432
1878.306	0.02368784
1879.545	0.02368145
1880.156	0.02367831
1885.191	0.02365246
1889.667	0.02362962
1890.226	0.02362677
1895.261	0.02360124
1898.755	0.02358363
1899.788	0.02357843
1900.296	0.02357588
1905.332	0.02355068
1909.909	0.02352792
1910.367	0.02352564
1915.402	0.02350078
1919.204	0.02348211
1920.03	0.02347805
1920.437	0.02347607
1925.472	0.02345153
1930.152	0.02342886
1930.508	0.02342714
1935.543	0.02340292
1939.653	0.02338327
1940.273	0.02338032
1940.578	0.02337886
1945.613	0.02335497
1950.394	0.02333243
1950.648	0.02333123
1955.683	0.02330766
1960.102	0.0232871
1960.515	0.0232852
1960.719	0.02328425
1965.754	0.02326098
1970.636	0.02323859
1970.789	0.02323789
1975.824	0.02321496
1980.551	0.02319357
1980.758	0.02319263
1980.859	0.02319218
1985.894	0.02316957
1990.879	0.02314733
1990.93	0.02314711
1995.965	0.02312479
2001.0	0.02310263
