999.0	-0.05159829
1019.449	-0.05083219
1039.898	-0.05009286
1060.347	-0.0493784
1080.796	-0.04868761
1101.245	-0.04801909
1121.694	-0.04737165
1142.143	-0.04674428
1162.592	-0.0461358
1183.041	-0.04554527
1203.49	-0.04497182
1223.939	-0.04441465
1244.388	-0.04387308
1264.837	-0.04334647
1285.286	-0.04283426
1305.735	-0.04233572
1326.184	-0.04185033
1346.633	-0.0413776
1367.082	-0.04091702
1387.531	-0.04046818
1407.98	-0.04003074
1428.429	-0.03960415
1448.878	-0.03918797
1469.327	-0.03878175
1489.776	-0.0383852
1510.224	-0.03799787
1530.673	-0.03761944
1551.122	-0.03724951
1571.571	-0.03688766
1592.02	-0.03653356
1612.469	-0.03618695
1632.918	-0.03584746
1653.367	-0.03551478
1673.816	-0.0351887
1694.265	-0.03486881
1714.714	-0.034555
1735.163	-0.03424694
1755.612	-0.03394453
1776.061	-0.03364755
1796.51	-0.03335573
1816.959	-0.03306911
1837.408	-0.03278749
1857.857	-0.03251085
1878.306	-0.03223916
1898.755	-0.03197223
1919.204	-0.03171015
1939.653	-0.03145288
1960.102	-0.03120042
1980.551	-0.03095285
2001.0	-0.03071014
