999.0	0.0310348
1019.449	0.03074516
1039.898	0.03046775
1060.347	0.03020138
1080.796	0.02994522
1101.245	0.02969834
1121.694	0.02946007
1142.143	0.02922979
1162.592	0.02900687
1183.041	0.02879073
1203.49	0.02858111
1223.939	0.02837749
1244.388	0.02817952
1264.837	0.02798669
1285.286	0.02779883
1305.735	0.02761558
1326.184	0.02743663
1346.633	0.02726177
1367.082	0.02709068
1387.531	0.02692319
1407.98	0.02675907
1428.429	0.02659811
1448.878	0.0264402
1469.327	0.02628506
1489.776	0.02613268
1510.224	0.02598293
1530.673	0.02583571
1551.122	0.0256909
1571.571	0.02554839
1592.02	0.02540818
1612.469	0.02527021
1632.918	0.02513445
1653.367	0.02500098
1673.816	0.0248697
1694.265	0.02474068
1714.714	0.02461394
1735.163	0.02448957
1755.612	0.02436756
1776.061	0.02424799
1796.51	0.02413084
1816.959	0.0240162
1837.408	0.0239041
1857.857	0.02379465
1878.306	0.02368784
1898.755	0.02358363
1919.204	0.02348211
1939.653	0.02338327
1960.102	0.0232871
1980.551	0.02319357
2001.0	0.02310263
