999.0	0.1090594
1019.449	0.1075663
1039.898	0.1061103
1060.347	0.1046897
1080.796	0.1033037
1101.245	0.1019504
1121.694	0.1006287
1142.143	0.09933724
1162.592	0.09807463
1183.041	0.09683998
1203.49	0.09563244
1223.939	0.09445125
1244.388	0.09329572
1264.837	0.09216466
1285.286	0.09105681
1305.735	0.08997145
1326.184	0.08890804
1346.633	0.08786593
1367.082	0.08684457
1387.531	0.08584339
1407.98	0.0848618
1428.429	0.08389878
1448.878	0.08295437
1469.327	0.08202773
1489.776	0.08111821
1510.224	0.08022531
1530.673	0.07934851
1551.122	0.07848736
1571.571	0.07764158
1592.02	0.07681096
1612.469	0.07599473
1632.918	0.07519274
1653.367	0.07440447
1673.816	0.07362958
1694.265	0.07286783
1714.714	0.0721187
1735.163	0.07138145
1755.612	0.07065617
1776.061	0.06994275
1796.51	0.06924099
1816.959	0.06855035
1837.408	0.06787068
1857.857	0.06720162
1878.306	0.06654288
1898.755	0.06589426
1919.204	0.06525548
1939.653	0.06462629
1960.102	0.06400681
1980.551	0.06339657
2001.0	0.06279534
