999.0	0.009572405
1019.449	0.009755808
1039.898	0.009937482
1060.347	0.01011747
1080.796	0.01029574
1101.245	0.01047232
1121.694	0.01064729
1142.143	0.01082062
1162.592	0.01099237
1183.041	0.01116255
1203.49	0.01133119
1223.939	0.01149833
1244.388	0.01166398
1264.837	0.01182815
1285.286	0.01199092
1305.735	0.01215225
1326.184	0.01231219
1346.633	0.01247079
1367.082	0.01262806
1387.531	0.01278397
1407.98	0.01293861
1428.429	0.01309202
1448.878	0.01324416
1469.327	0.01339507
1489.776	0.01354479
1510.224	0.01369331
1530.673	0.01384068
1551.122	0.01398694
1571.571	0.01413215
1592.02	0.01427628
1612.469	0.01441932
1632.918	0.01456131
1653.367	0.01470227
1673.816	0.01484221
1694.265	0.01498125
1714.714	0.01511935
1735.163	0.01525656
1755.612	0.01539287
1776.061	0.01552831
1796.51	0.01566288
1816.959	0.01579666
1837.408	0.01592963
1857.857	0.01606183
1878.306	0.01619337
1898.755	0.01632423
1919.204	0.01645438
1939.653	0.01658386
1960.102	0.01671264
1980.551	0.01684074
2001.0	0.01696829
