999.0	-0.05897112
1019.449	-0.05862872
1039.898	-0.05829423
1060.347	-0.05796664
1080.796	-0.05764574
1101.245	-0.05733132
1121.694	-0.05702305
1142.143	-0.05672057
1162.592	-0.05642389
1183.041	-0.05613282
1203.49	-0.05584737
1223.939	-0.05556757
1244.388	-0.05529282
1264.837	-0.05502292
1285.286	-0.05475761
1305.735	-0.05449687
1326.184	-0.05424057
1346.633	-0.05398847
1367.082	-0.05374046
1387.531	-0.05349668
1407.98	-0.053257
1428.429	-0.05302109
1448.878	-0.05278884
1469.327	-0.05256005
1489.776	-0.05233478
1510.224	-0.05211294
1530.673	-0.05189439
1551.122	-0.05167902
1571.571	-0.0514668
1592.02	-0.05125774
1612.469	-0.05105164
1632.918	-0.05084844
1653.367	-0.05064801
1673.816	-0.05045012
1694.265	-0.05025487
1714.714	-0.05006218
1735.163	-0.04987225
1755.612	-0.04968473
1776.061	-0.0494996
1796.51	-0.04931685
1816.959	-0.04913637
1837.408	-0.0489581
1857.857	-0.048782
1878.306	-0.04860788
1898.755	-0.04843578
1919.204	-0.04826565
1939.653	-0.04809748
1960.102	-0.04793124
1980.551	-0.04776685
2001.0	-0.04760429
