999.0	0.005613425
1019.449	0.005726116
1039.898	0.005837935
1060.347	0.005948912
1080.796	0.00605903
1101.245	0.006168308
1121.694	0.006276788
1142.143	0.006384477
1162.592	0.006491367
1183.041	0.006597484
1203.49	0.006702865
1223.939	0.006807527
1244.388	0.00691147
1264.837	0.007014709
1285.286	0.007117273
1305.735	0.007219147
1326.184	0.007320361
1346.633	0.007420949
1367.082	0.007520915
1387.531	0.007620271
1407.98	0.007719043
1428.429	0.007817244
1448.878	0.00791486
1469.327	0.008011939
1489.776	0.008108487
1510.224	0.008204519
1530.673	0.008300044
1551.122	0.008395078
1571.571	0.008489648
1592.02	0.008583777
1612.469	0.008677443
1632.918	0.008770678
1653.367	0.008863482
1673.816	0.008955892
1694.265	0.009047894
1714.714	0.009139533
1735.163	0.009230851
1755.612	0.009321836
1776.061	0.009412496
1796.51	0.009502836
1816.959	0.009592861
1837.408	0.009682566
1857.857	0.009772007
1878.306	0.009861268
1898.755	0.00995031
1919.204	0.01003913
1939.653	0.01012775
1960.102	0.01021614
1980.551	0.01030424
2001.0	0.01039221
