1	0.0006141241
2	0.0004739741
3	0.000588657433333
4	0.0003597241
5	0.0002313041
6	0.000312140766667
7	0.000453052671429
8	0.0003708616
9	0.000309757433333
10	0.0001177841
11	0.000101151372727
12	0.0001723241
13	0.000155531792308
14	0.000222109814286
15	0.0002434841
16	0.00019214285
17	0.000215894688235
18	0.000152118544444
19	0.000101881994737
20	0.0001356291
21	0.000216500290476
22	0.000196078645455
23	0.000211219752174
24	0.000159090766667
25	0.0001509041
26	0.000164020253846
27	0.000210468544444
28	0.000178002671429
29	0.000159362031034
30	0.000165197433333
31	0.000245062809677
32	0.000239039725
33	0.000205427130303
34	0.000225888805882
35	0.000197266957143
36	0.000198843544444
37	0.0002084241
38	0.000214295152632
39	0.000199767689744
40	0.0002193941
41	0.000188068002439
42	0.00019618362381
43	0.000182419448837
44	0.000182519554545
45	0.000188281877778
46	0.000205928447826
47	0.000194990057447
48	0.00019451785
49	0.000187973079592
50	0.0001719541
51	0.000161094688235
52	0.000153079869231
53	0.000172063722642
54	0.000161720396296
55	0.000149585918182
56	0.0001230866
57	0.000115053924561
58	0.000118429272414
59	0.000108730879661
60	9.69174333333e-05
61	0.000117548690164
62	0.000107640229032
63	0.00010771457619
64	0.00011196785
65	0.000107974869231
66	9.40650090909e-05
67	8.33360402985e-05
68	8.71417470588e-05
69	8.66009115942e-05
70	0.000102608385714
71	0.000103628325352
72	8.72338222222e-05
73	7.79884835616e-05
74	8.89808567568e-05
75	9.37214333333e-05
76	0.000108163573684
77	0.000104860463636
78	0.000100054869231
79	0.000115419036709
80	0.00010925035
81	0.0001221241
82	0.000110608246341
83	0.000105098798795
84	0.000103288385714
85	9.74005705882e-05
86	9.66136348837e-05
87	9.91597321839e-05
88	9.95263727273e-05
89	8.32791561798e-05
90	8.21518777778e-05
91	6.74647593407e-05
92	5.77458391304e-05
93	6.91337774194e-05
94	6.58836744681e-05
95	5.76735736842e-05
96	4.0802225e-05
97	4.01849247423e-05
98	2.60985897959e-05
99	3.00079383838e-05
100	3.10621e-05
101	3.68349910891e-05
102	4.35603745098e-05
103	3.74308961165e-05
104	4.01260230769e-05
105	3.09612428571e-05
106	3.14693830189e-05
107	4.11315766355e-05
108	3.39509518519e-05
109	3.83332743119e-05
110	2.86459181818e-05
111	2.8333109009e-05
112	2.74571357143e-05
113	1.35081707965e-05
114	2.2775854386e-05
115	2.86667086957e-05
116	2.37206517241e-05
117	1.42198264957e-05
118	5.43003220339e-06
119	4.59468823529e-06
120	5.73826666667e-06
121	1.73117033058e-05
122	1.66675426229e-05
123	1.01257260163e-05
124	1.51515193548e-05
125	5.6249e-06
126	1.35209047619e-06
127	4.59260393701e-06
128	6.04206875e-06
129	3.50549534884e-06
130	4.66669230771e-07
131	6.84765572519e-06
132	6.65393030303e-06
133	8.36462180451e-06
134	1.17676910448e-05
135	1.67314555556e-05
136	2.08509e-05
137	2.91977978102e-05
138	2.77034362319e-05
139	3.06715834532e-05
140	2.50780428571e-05
141	3.13468219858e-05
142	2.34808295775e-05
143	2.4433941958e-05
144	2.40904833333e-05
145	1.33641758621e-05
146	1.28834342466e-05
147	5.67998163266e-06
148	6.25562972973e-06
149	3.4081147651e-06
150	2.7539e-06
151	3.14344966888e-06
152	2.12673157895e-06
153	1.33822699346e-05
154	1.45305935065e-05
155	1.27757129032e-05
156	7.04268974359e-06
157	3.50201464968e-06
158	2.48675822785e-06
159	1.03753522012e-06
160	1.1166e-06
161	5.54160869564e-07
162	6.4296037037e-06
163	1.36624030675e-05
164	1.55832170732e-05
165	1.32668090909e-05
166	1.16198759036e-05
167	1.82196125748e-05
168	2.1907447619e-05
169	2.37362550296e-05
170	2.14853117647e-05
171	1.41402274854e-05
172	1.35229930233e-05
173	1.71186745665e-05
174	1.79718770115e-05
175	1.24850428571e-05
176	6.8884e-06
177	4.73070225989e-06
178	4.85005730337e-06
179	2.3228273743e-06
180	4.15521111111e-06
181	1.59205580111e-06
182	8.48838571429e-06
183	4.1634442623e-06
184	3.97736086957e-06
185	2.0813972973e-06
186	4.15958387097e-06
187	5.74228181818e-06
188	8.93248936174e-07
189	2.23198465608e-06
190	1.01800526315e-06
191	1.18430942409e-06
192	2.81055833334e-06
193	6.43290829016e-06
194	1.03801752578e-06
195	3.06718205128e-06
196	6.88457346939e-06
197	1.34824989848e-05
198	7.87741515151e-06
199	7.46082462311e-06
200	6.3914e-06
201	5.66644726368e-06
202	5.43382079208e-06
203	3.43501330049e-06
204	6.61609607843e-06
205	5.86907073171e-06
206	6.9472592233e-06
207	1.01164797101e-05
208	9.43647692308e-06
209	7.48881866029e-06
210	1.56963761905e-05
211	2.22038620853e-05
212	3.19207113208e-05
213	3.04913929577e-05
214	3.10282364486e-05
215	3.37772953488e-05
216	3.38814555556e-05
217	3.20897248848e-05
218	2.40442486239e-05
219	2.07955347032e-05
220	1.88799909091e-05
221	2.48478457014e-05
222	2.08560801802e-05
223	1.63628955157e-05
224	1.80370607143e-05
225	1.74559e-05
226	2.12785548673e-05
227	1.92027722467e-05
228	2.61943210526e-05
229	3.44868170306e-05
230	3.19659e-05
231	3.32425666667e-05
232	3.09323655172e-05
233	3.23728957082e-05
234	3.04421393162e-05
235	3.51478148936e-05
236	3.86025949153e-05
237	4.16277987342e-05
238	4.00002697479e-05
239	3.92277828452e-05
240	4.08604833333e-05
241	3.80588875519e-05
242	3.73391231405e-05
243	3.52355707819e-05
244	3.45652442623e-05
245	3.81987571429e-05
246	3.31063878049e-05
247	3.32321753036e-05
248	3.51351741935e-05
249	3.49971851406e-05
250	3.61839e-05
251	3.91551828685e-05
252	3.88024873016e-05
253	3.50984296443e-05
254	3.47424354331e-05
255	3.64221745098e-05
256	3.47618375e-05
257	3.81759e-05
258	4.0360396124e-05
259	4.62975216216e-05
260	4.98970538461e-05
261	4.84471643678e-05
262	4.90503274809e-05
263	4.57097403042e-05
264	4.49573393939e-05
265	4.21902396226e-05
266	4.1730787218e-05
267	3.42511808989e-05
268	3.22232880597e-05
269	3.22015505576e-05
270	3.34740481481e-05
271	3.49814350553e-05
272	3.52299441176e-05
273	3.83802956044e-05
274	4.34364839416e-05
275	3.94311727273e-05
276	3.86103202899e-05
277	4.35870913357e-05
278	4.11816553957e-05
279	4.03432835125e-05
280	3.75955428571e-05
281	3.82584622776e-05
282	4.04868929078e-05
283	4.09896809187e-05
284	3.69759e-05
285	3.84485315789e-05
286	3.94986272727e-05
287	4.07246804878e-05
288	3.99762472222e-05
289	4.18942391003e-05
290	4.43869344828e-05
291	4.22762436426e-05
292	4.63478178082e-05
293	5.03526918089e-05
294	4.87034510204e-05
295	4.92382728814e-05
296	5.08661027027e-05
297	4.69981222222e-05
298	4.09769067114e-05
299	3.84177060201e-05
300	3.83839e-05
301	4.19513152824e-05
302	4.42898072848e-05
303	4.66547778878e-05
304	4.31110973684e-05
305	4.15414737705e-05
306	4.17105405229e-05
307	4.31960954397e-05
308	4.1774925974e-05
309	4.73907867314e-05
310	4.37068677419e-05
311	4.33209160772e-05
312	4.44749384615e-05
313	4.25132801917e-05
314	4.18077471338e-05
315	3.9201931746e-05
316	3.8897735443e-05
317	3.98440388013e-05
318	4.16633213836e-05
319	4.24743326019e-05
320	4.581965e-05
321	4.47238750779e-05
322	4.53979496894e-05
323	4.40424634675e-05
324	4.22845419753e-05
325	4.22491307692e-05
326	4.51924644172e-05
327	4.08333923547e-05
328	3.91563878049e-05
329	3.87856264438e-05
330	4.04013545455e-05
331	3.9246594864e-05
332	3.99418638554e-05
333	3.80284525526e-05
334	3.81423670659e-05
335	4.25517208955e-05
336	4.74753047619e-05
337	4.94500839763e-05
338	4.49125863905e-05
339	4.66903542773e-05
340	4.66770764706e-05
341	4.70163692082e-05
342	4.75858415205e-05
343	4.90135093294e-05
344	5.41378186047e-05
345	5.46190884058e-05
346	5.1251333526e-05
347	5.26727299712e-05
348	5.48259e-05
349	5.53807710602e-05
350	5.75859e-05
351	5.85166407407e-05
352	6.09170931818e-05
353	5.85132937677e-05
354	5.97809847458e-05
355	5.89536464789e-05
356	5.86579224719e-05
357	6.04025106443e-05
358	6.00468497207e-05
359	5.70029194986e-05
360	5.53550666667e-05
361	5.72706368421e-05
362	5.71071154696e-05
363	5.90117126722e-05
364	6.33921087912e-05
365	6.0391790411e-05
366	6.18493972678e-05
367	6.46663632153e-05
368	6.54506282609e-05
369	6.48742739837e-05
370	6.92053594595e-05
371	7.20772477089e-05
372	6.96691795699e-05
373	6.97922538874e-05
374	6.88031727273e-05
375	6.79497666667e-05
376	6.81266978723e-05
377	6.9276430504e-05
378	6.83057941799e-05
379	6.24265596306e-05
380	6.23609e-05
381	6.28407293963e-05
382	6.0883491623e-05
383	5.77847772846e-05
384	5.631261875e-05
385	5.4256938961e-05
386	5.3796884456e-05
387	5.37782255814e-05
388	5.19202298969e-05
389	5.22221724936e-05
390	5.38433358974e-05
391	5.0550068798e-05
392	4.70409510204e-05
393	4.9144856743e-05
394	4.95863060914e-05
395	5.18672924051e-05
396	5.08675666667e-05
397	4.88779151134e-05
398	4.75864527638e-05
399	4.45618649123e-05
400	4.05219e-05
401	3.98320097257e-05
402	3.80358502488e-05
403	3.44672151365e-05
404	3.4273919802e-05
405	3.53400975309e-05
406	3.30239295567e-05
407	3.20400277641e-05
408	3.24087431373e-05
409	3.17844574572e-05
410	3.40993146341e-05
411	3.09170192214e-05
412	3.19142495146e-05
413	3.14238418886e-05
414	3.15287985507e-05
415	3.2420960241e-05
416	3.45730153846e-05
417	3.78792573142e-05
418	3.64543688995e-05
419	4.14202914081e-05
420	4.22747095238e-05
421	4.12317194774e-05
422	4.02209236967e-05
423	4.18409118203e-05
424	4.34586830189e-05
425	4.13104882353e-05
426	4.12472615024e-05
427	4.42103262295e-05
428	4.54088439252e-05
429	4.69644780886e-05
430	4.55177604651e-05
431	4.82385450116e-05
432	4.28740481481e-05
433	4.22618122402e-05
434	4.21899552995e-05
435	4.17142908046e-05
436	4.20263587156e-05
437	4.38880281465e-05
438	4.22932515982e-05
439	4.15715719818e-05
440	4.14599909091e-05
441	4.21827027211e-05
442	4.34756737557e-05
443	4.3236396614e-05
444	4.24261252252e-05
445	4.60615179775e-05
446	4.66045995516e-05
447	4.60351841163e-05
448	4.75734446429e-05
449	4.52485057906e-05
450	4.57241222222e-05
451	4.55053900222e-05
452	4.66531123894e-05
453	4.81984165563e-05
454	4.82214947137e-05
455	4.94464494505e-05
456	5.02283122807e-05
457	4.7294280744e-05
458	4.68176030568e-05
459	4.57199087146e-05
460	4.74095956522e-05
461	4.40249238612e-05
462	4.22475450216e-05
463	4.21121850972e-05
464	4.03597362069e-05
465	4.15974053763e-05
466	4.25188184549e-05
467	4.61433518201e-05
468	4.52427803419e-05
469	4.90957294243e-05
470	4.80199425532e-05
471	4.55979806794e-05
472	4.62081033898e-05
473	4.75097266385e-05
474	4.9822735443e-05
475	4.98159e-05
476	5.01651857143e-05
477	5.29360677149e-05
478	5.39340589958e-05
479	5.49539793319e-05
480	5.37898583333e-05
481	5.34322409563e-05
482	5.1055153112e-05
483	5.08978461698e-05
484	4.88308586777e-05
485	4.9008271134e-05
486	5.00141716049e-05
487	4.81598835729e-05
488	4.73504901639e-05
489	4.87178222904e-05
490	4.94305938775e-05
491	4.70547187373e-05
492	4.58433796748e-05
493	4.71320866126e-05
494	4.64706368421e-05
495	4.92255969697e-05
496	4.92728758065e-05
497	4.69612118712e-05
498	4.28178678715e-05
499	4.29402286573e-05
500	4.13391e-05
501	4.34166185629e-05
502	4.60615573705e-05
503	4.44289815109e-05
504	4.37485190476e-05
505	4.3660850495e-05
506	4.18915126482e-05
507	4.21072609467e-05
508	4.31101519685e-05
509	4.48314992141e-05
510	4.48257039216e-05
511	4.52171915851e-05
512	4.44618375e-05
513	4.36985120858e-05
514	4.41399077821e-05
515	4.32889097087e-05
516	4.61584581395e-05
517	4.64789947776e-05
518	4.75121934363e-05
519	4.48317766859e-05
520	4.48784e-05
521	4.18705257198e-05
522	4.23142141762e-05
523	4.31617508604e-05
524	4.44010908397e-05
525	4.53915190476e-05
526	4.47042269962e-05
527	4.48599607211e-05
528	4.78599909091e-05
529	4.84484897921e-05
530	4.75113716981e-05
531	4.77706269303e-05
532	4.45713887218e-05
533	4.10213033771e-05
534	4.08983719101e-05
535	4.12471149533e-05
536	4.02904522388e-05
537	4.17891216015e-05
538	3.90599148699e-05
539	3.75041003711e-05
540	3.73618259259e-05
541	4.00254378928e-05
542	3.95666749078e-05
543	3.97304119705e-05
544	3.906965e-05
545	3.79547990826e-05
546	3.87264494506e-05
547	4.15746202925e-05
548	4.20673233577e-05
549	4.23329127505e-05
550	4.27459e-05
551	4.35181867514e-05
552	4.43907550725e-05
553	4.4071740868e-05
554	4.63675967509e-05
555	4.53020261261e-05
556	4.57732021583e-05
557	4.23744637343e-05
558	4.27751831541e-05
559	4.21780466905e-05
560	4.08094714286e-05
561	4.06513010695e-05
562	4.07710957295e-05
563	3.89881557727e-05
564	3.88361836879e-05
565	3.94159e-05
566	4.02039918728e-05
567	4.0596182187e-05
568	4.22655126761e-05
569	4.09375871705e-05
570	4.20571280702e-05
571	4.31193325744e-05
572	4.15113895105e-05
573	4.27422176265e-05
574	4.07328686411e-05
575	3.95039e-05
576	3.94824972222e-05
577	3.82589155979e-05
578	3.88444121107e-05
579	3.88936892919e-05
580	3.92421068966e-05
581	3.65500824441e-05
582	3.46690271478e-05
583	3.21295878216e-05
584	3.02151123288e-05
585	2.98950452992e-05
586	2.8137674744e-05
587	2.76852696763e-05
588	2.77607639456e-05
589	2.75018762309e-05
590	2.60535271186e-05
591	2.386947022e-05
592	2.48995486487e-05
593	2.23160349073e-05
594	2.25161356902e-05
595	2.27614462185e-05
596	2.37757322148e-05
597	2.4527658794e-05
598	2.43984752508e-05
599	2.49117931553e-05
600	2.73890666667e-05
601	2.65605921797e-05
602	2.77865312292e-05
603	2.5828138806e-05
604	2.71416284768e-05
605	2.92590404959e-05
606	2.91155039604e-05
607	2.62179098847e-05
608	2.78053407895e-05
609	2.88062776683e-05
610	2.87991786885e-05
611	2.97857199673e-05
612	2.91808019608e-05
613	2.77528983687e-05
614	2.66851833876e-05
615	2.62674447155e-05
616	2.9124438961e-05
617	3.02232257699e-05
618	3.13152203884e-05
619	3.0844074475e-05
620	3.36418677419e-05
621	3.37430497585e-05
622	3.49863501608e-05
623	3.48962852327e-05
624	3.30134e-05
625	3.293414e-05
626	3.35709479233e-05
627	3.2196314673e-05
628	3.25781292994e-05
629	3.21369492846e-05
630	3.33022492064e-05
631	3.31042676704e-05
632	3.20667227848e-05
633	3.26401969984e-05
634	3.06795277603e-05
635	3.19203094488e-05
636	3.34477553459e-05
637	3.22061982732e-05
638	3.32920442006e-05
639	3.41744915493e-05
640	3.29709e-05
641	3.0824573947e-05
642	2.96551834891e-05
643	2.84331317263e-05
644	2.87448440994e-05
645	2.82176054264e-05
646	2.71130517028e-05
647	2.80717268934e-05
648	3.08291407407e-05
649	3.30634192604e-05
650	3.32837461538e-05
651	3.45774360983e-05
652	3.50910840491e-05
653	3.42040776417e-05
654	3.39632088685e-05
655	3.28609381679e-05
656	3.1913095122e-05
657	3.12154738204e-05
658	3.1270124924e-05
659	3.12030623672e-05
660	3.17202939394e-05
661	3.29488198185e-05
662	3.51171386707e-05
663	3.60802740573e-05
664	3.57698759036e-05
665	3.70611631579e-05
666	3.60751492493e-05
667	3.57697530735e-05
668	3.6479642515e-05
669	3.6531654858e-05
670	3.69978402985e-05
671	3.67371518629e-05
672	3.69814059524e-05
673	3.58071035661e-05
674	3.53675913947e-05
675	3.44846407407e-05
676	3.45875863905e-05
677	3.40779679468e-05
678	3.45574634218e-05
679	3.30401120766e-05
680	3.35132529412e-05
681	3.23504961821e-05
682	3.46747269795e-05
683	3.56398824305e-05
684	3.39881807018e-05
685	3.53518124088e-05
686	3.56572411079e-05
687	3.71585783115e-05
688	3.68055511628e-05
689	3.5068643106e-05
690	3.67651753623e-05
691	3.6981688712e-05
692	3.79615936416e-05
693	3.63911958153e-05
694	3.56359864553e-05
695	3.74861158273e-05
696	3.8871445977e-05
697	3.7082356241e-05
698	3.79674472779e-05
699	3.88218227468e-05
700	3.83364714286e-05
701	3.7715557632e-05
702	3.69791763533e-05
703	3.68111773827e-05
704	3.75391102273e-05
705	3.88923539007e-05
706	3.9018676204e-05
707	3.9514230976e-05
708	3.93788661017e-05
709	3.92128534556e-05
710	3.92351957747e-05
711	3.60318774965e-05
712	3.71687370787e-05
713	3.38003039271e-05
714	3.38665162465e-05
715	3.46442916084e-05
716	3.62840005587e-05
717	3.67975178522e-05
718	3.57228359332e-05
719	3.41992657858e-05
720	3.56182611111e-05
721	3.52279110957e-05
722	3.65767310249e-05
723	3.54356510374e-05
724	3.64203751381e-05
725	3.68713482759e-05
726	3.67848531681e-05
727	3.53006592847e-05
728	3.48785098901e-05
729	3.63543636488e-05
730	3.82020643836e-05
731	3.95233692203e-05
732	4.11472114754e-05
733	4.06357908595e-05
734	3.95963359673e-05
735	3.96499136054e-05
736	3.77600032609e-05
737	3.7722982768e-05
738	3.89250869919e-05
739	3.98566848444e-05
740	3.77340081081e-05
741	3.65010012146e-05
742	3.60206439353e-05
743	3.57535581427e-05
744	3.47128623656e-05
745	3.45438194631e-05
746	3.23925219839e-05
747	3.05559535475e-05
748	3.21051780749e-05
749	3.24235635514e-05
750	3.29483e-05
751	3.2721439281e-05
752	3.36216446809e-05
753	3.20316768924e-05
754	3.02630352785e-05
755	3.03299397351e-05
756	3.09360851852e-05
757	2.99802593131e-05
758	3.07193036939e-05
759	3.07076523057e-05
760	3.11161631579e-05
761	3.03685412615e-05
762	3.05736690289e-05
763	3.0754668021e-05
764	3.04776015707e-05
765	3.02934163399e-05
766	3.02557955614e-05
767	2.98841138201e-05
768	3.03428270833e-05
769	2.8731686736e-05
770	3.09736922078e-05
771	3.09018403372e-05
772	3.05107445596e-05
773	3.18291988357e-05
774	2.99987682171e-05
775	2.82445451613e-05
776	2.83471628866e-05
777	2.9706916731e-05
778	3.06310413882e-05
779	3.06205726573e-05
780	3.02225666667e-05
781	2.93395363636e-05
782	2.75743654732e-05
783	2.90470366539e-05
784	2.93651857143e-05
785	2.91253267516e-05
786	2.8212159542e-05
787	2.8650741169e-05
788	2.81748847716e-05
789	2.99028961977e-05
790	3.02141278481e-05
791	3.01817154235e-05
792	3.16678191919e-05
793	3.11624069357e-05
794	2.94024743073e-05
795	2.8875145283e-05
796	2.7503538191e-05
797	2.88957243413e-05
798	3.08317897243e-05
799	3.04999300376e-05
800	3.0755025e-05
801	3.29908812734e-05
802	3.14326331671e-05
803	3.12643184309e-05
804	3.04375915423e-05
805	3.07972664596e-05
806	3.2040416129e-05
807	3.22216249071e-05
808	3.41475584158e-05
809	3.39573585909e-05
810	3.43615790124e-05
811	3.43241120839e-05
812	3.48273778325e-05
813	3.43418286593e-05
814	3.39617722359e-05
815	3.51005625767e-05
816	3.60142578431e-05
817	3.52555817626e-05
818	3.65109855746e-05
819	3.610593663e-05
820	3.53312658537e-05
821	3.52054980512e-05
822	3.61658026764e-05
823	3.62959486027e-05
824	3.69290553398e-05
825	3.82877787879e-05
826	3.73945440678e-05
827	3.71587295042e-05
828	3.82287985507e-05
829	3.79014729795e-05
830	3.63779481928e-05
831	3.57255991576e-05
832	3.56706115385e-05
833	3.5232322569e-05
834	3.66798568345e-05
835	3.69978161677e-05
836	3.65957564593e-05
837	3.63331281959e-05
838	3.68494083532e-05
839	3.73451491061e-05
840	3.69606619048e-05
841	3.76572317479e-05
842	3.7480531829e-05
843	3.70515820878e-05
844	3.63141701422e-05
845	3.67902195266e-05
846	3.74417392435e-05
847	3.68912482881e-05
848	3.72734235849e-05
849	3.84264300353e-05
850	3.94119e-05
851	3.79185556992e-05
852	3.77121676056e-05
853	3.75812927315e-05
854	3.79325744731e-05
855	3.80299350877e-05
856	3.67457598131e-05
857	3.75980703617e-05
858	3.78600491842e-05
859	3.71358534342e-05
860	3.70496209302e-05
861	3.55342042973e-05
862	3.42232317865e-05
863	3.55776381228e-05
864	3.50586546296e-05
865	3.42285011561e-05
866	3.37331748268e-05
867	3.38431433679e-05
868	3.33452548387e-05
869	3.38483971231e-05
870	3.39536011494e-05
871	3.36543156142e-05
872	3.36919550459e-05
873	3.47265300115e-05
874	3.46095384439e-05
875	3.46723571429e-05
876	3.46215621005e-05
877	3.4038499772e-05
878	3.56024375854e-05
879	3.51629307167e-05
880	3.530715e-05
881	3.43371939841e-05
882	3.33234056689e-05
883	3.21388671574e-05
884	3.13900402715e-05
885	3.05968039548e-05
886	3.06843650113e-05
887	3.11592145434e-05
888	3.06922288288e-05
889	3.07157200225e-05
890	2.94306191011e-05
891	2.90317922559e-05
892	2.97929403587e-05
893	2.9965037738e-05
894	3.10557657718e-05
895	3.10459558659e-05
896	3.03414133929e-05
897	3.06420092531e-05
898	3.03257886414e-05
899	3.01903605117e-05
900	3.01562333333e-05
901	3.04238467259e-05
902	2.89691372506e-05
903	3.05936187154e-05
904	2.94632893805e-05
905	3.04860657459e-05
906	2.9950292936e-05
907	3.07226475193e-05
908	3.03338295154e-05
909	3.08075831683e-05
910	3.13438120879e-05
911	3.1138249067e-05
912	2.88434438597e-05
913	2.96433698795e-05
914	3.07169284464e-05
915	3.08129491803e-05
916	3.10760091703e-05
917	3.08962925845e-05
918	3.22285143791e-05
919	3.2404735691e-05
920	3.27038347826e-05
921	3.21323603692e-05
922	3.31240561822e-05
923	3.35053691224e-05
924	3.25825017316e-05
925	3.31472513514e-05
926	3.17374550756e-05
927	3.06114987055e-05
928	2.98515465517e-05
929	2.91790216362e-05
930	3.01052548387e-05
931	2.92878226638e-05
932	2.88586253219e-05
933	2.90976577706e-05
934	3.01375702355e-05
935	2.97253117647e-05
936	3.06302803419e-05
937	3.05497527215e-05
938	3.22380535181e-05
939	3.28591800852e-05
940	3.20373893617e-05
941	3.07185142402e-05
942	3.16558363057e-05
943	3.02141820785e-05
944	3.11286542373e-05
945	2.96445772487e-05
946	3.04669147992e-05
947	3.06452769799e-05
948	2.99968915612e-05
949	2.9201611275e-05
950	2.83915842105e-05
951	2.80348905363e-05
952	2.7425794958e-05
953	2.78565925498e-05
954	2.70624828092e-05
955	2.93400884817e-05
956	2.84877200837e-05
957	2.8998992999e-05
958	2.92004302714e-05
959	2.83854933264e-05
960	2.86335041667e-05
961	2.83582100937e-05
962	2.90840081081e-05
963	2.81638543095e-05
964	2.79937423237e-05
965	2.8148646114e-05
966	2.80256929607e-05
967	2.88248141675e-05
968	2.76295157025e-05
969	2.69032477812e-05
970	2.83342505155e-05
971	2.79836239959e-05
972	2.67069699589e-05
973	2.58909051387e-05
974	2.58279533881e-05
975	2.62113871795e-05
976	2.56216991803e-05
977	2.53778447288e-05
978	2.40696627812e-05
979	2.49816201226e-05
980	2.66328387755e-05
981	2.66463383282e-05
982	2.59335374745e-05
983	2.61244249237e-05
984	2.72852495935e-05
985	2.67850370558e-05
986	2.69528776876e-05
987	2.87890712259e-05
988	2.9333997166e-05
989	2.90076492417e-05
990	2.84262030303e-05
991	2.91068788093e-05
992	2.93259e-05
993	2.88550540786e-05
994	2.81816344064e-05
995	2.82910758794e-05
996	2.84491931727e-05
997	2.78334727182e-05
998	2.90075633267e-05
999	2.90888129129e-05
1000	3.05058e-05
1001	2.89050708292e-05
1002	2.89700117765e-05
1003	2.9782679661e-05
1004	2.96369557769e-05
1005	3.07334124378e-05
1006	2.9379677336e-05
1007	2.79251552135e-05
1008	2.96740150794e-05
1009	2.97854143707e-05
1010	2.85843158416e-05
1011	2.84308950544e-05
1012	2.70693782609e-05
1013	2.7069976999e-05
1014	2.53768861933e-05
1015	2.5400037931e-05
1016	2.58610377953e-05
1017	2.59572176008e-05
1018	2.4547511002e-05
1019	2.36448892051e-05
1020	2.37755078431e-05
1021	2.41693378061e-05
1022	2.45287375734e-05
1023	2.38271218964e-05
1024	2.39178921875e-05
1025	2.41334609756e-05
1026	2.45560169591e-05
1027	2.60020927945e-05
1028	2.45291101167e-05
1029	2.5708650243e-05
1030	2.49821135922e-05
1031	2.42633878759e-05
1032	2.35749310078e-05
1033	2.44845156825e-05
1034	2.33205808511e-05
1035	2.40607309179e-05
1036	2.31114212355e-05
1037	2.26975972035e-05
1038	2.32236842004e-05
1039	2.42489510106e-05
1040	2.44297461538e-05
1041	2.48515003842e-05
1042	2.41459575816e-05
1043	2.36204829338e-05
1044	2.27775283525e-05
1045	2.32813545455e-05
1046	2.31224583174e-05
1047	2.30396058262e-05
1048	2.33492778626e-05
1049	2.45748513823e-05
1050	2.40682809524e-05
1051	2.58990208373e-05
1052	2.57696262357e-05
1053	2.59693472934e-05
1054	2.63968677419e-05
1055	2.64144781991e-05
1056	2.59965439394e-05
1057	2.6553951088e-05
1058	2.64587922495e-05
1059	2.5220281492e-05
1060	2.36379754717e-05
1061	2.22312251649e-05
1062	2.14126231638e-05
1063	2.13584964252e-05
1064	2.21368962406e-05
1065	2.21658530516e-05
1066	2.13673634146e-05
1067	2.0188271134e-05
1068	2.11751509363e-05
1069	1.95409140318e-05
1070	1.83776757009e-05
1071	1.74711380952e-05
1072	1.72663850746e-05
1073	1.85892271202e-05
1074	1.90782277467e-05
1075	1.87495744186e-05
1076	1.78265505576e-05
1077	1.64959557103e-05
1078	1.54704269017e-05
1079	1.62603300278e-05
1080	1.61692333333e-05
1081	1.7937047086e-05
1082	1.88173972273e-05
1083	1.85690671283e-05
1084	1.92135383764e-05
1085	1.90973746544e-05
1086	1.88274653775e-05
1087	1.77648604416e-05
1088	1.89065066176e-05
1089	1.80953674013e-05
1090	1.88598449541e-05
1091	1.87236543538e-05
1092	1.88142699634e-05
1093	1.88521122598e-05
1094	1.90018597806e-05
1095	1.83288680365e-05
1096	1.90942394161e-05
1097	1.90049793072e-05
1098	1.87528581056e-05
1099	1.86708044586e-05
1100	1.86771727273e-05
1101	1.90317583106e-05
1102	1.79944117967e-05
1103	1.80989281052e-05
1104	1.8223726087e-05
1105	1.89317371041e-05
1106	1.96542001808e-05
1107	1.96025485998e-05
1108	1.93856472924e-05
1109	1.90965492335e-05
1110	1.90397738739e-05
1111	1.8372389649e-05
1112	1.83213136691e-05
1113	1.87420275831e-05
1114	1.79539071813e-05
1115	1.83060345291e-05
1116	1.91282297491e-05
1117	1.87246914055e-05
1118	1.87315350626e-05
1119	1.85809938338e-05
1120	1.95113464286e-05
1121	2.08496734166e-05
1122	2.0904242246e-05
1123	1.99235402493e-05
1124	2.09129996441e-05
1125	2.07537666667e-05
1126	1.94807845471e-05
1127	2.00591298137e-05
1128	2.07445170213e-05
1129	2.0123641364e-05
1130	1.96870504425e-05
1131	2.03469875332e-05
1132	2.01578787986e-05
1133	2.00348585172e-05
1134	1.98931839506e-05
1135	1.93142259912e-05
1136	1.85053014085e-05
1137	1.8548723219e-05
1138	1.9071154833e-05
1139	1.89657156277e-05
1140	1.99768649123e-05
1141	1.97806326906e-05
1142	2.05541837128e-05
1143	1.92727503937e-05
1144	2.04702181818e-05
1145	2.02600048035e-05
1146	1.99545212915e-05
1147	2.06170508283e-05
1148	2.09231125436e-05
1149	2.01261175805e-05
1150	2.00645086957e-05
1151	1.93363691573e-05
1152	1.92675666667e-05
1153	2.00382590633e-05
1154	1.94096088388e-05
1155	1.97901857143e-05
1156	1.90457961938e-05
1157	1.9253255229e-05
1158	2.00099241796e-05
1159	1.96211113891e-05
1160	1.99451241379e-05
1161	1.95852023256e-05
1162	1.89247812392e-05
1163	1.9626888822e-05
1164	1.95861233677e-05
1165	1.94869729614e-05
1166	1.98602053173e-05
1167	1.97252573265e-05
1168	2.05859171233e-05
1169	2.16639239521e-05
1170	2.17100880342e-05
1171	2.17310665243e-05
1172	2.21498761092e-05
1173	2.17349792839e-05
1174	2.1696428109e-05
1175	2.19568361702e-05
1176	2.22413761905e-05
1177	2.07662993203e-05
1178	1.94913499151e-05
1179	1.92789534351e-05
1180	1.97512389831e-05
1181	2.04334783235e-05
1182	2.10560184433e-05
1183	2.09825779375e-05
1184	2.06639912162e-05
1185	2.10705835443e-05
1186	2.1686523946e-05
1187	2.1928216765e-05
1188	2.14567080808e-05
1189	2.12317452481e-05
1190	2.01819504202e-05
1191	1.98853038623e-05
1192	1.92892389262e-05
1193	2.00485739313e-05
1194	1.8680338861e-05
1195	1.86617577406e-05
1196	1.94993113712e-05
1197	1.9150670259e-05
1198	2.04346646077e-05
1199	2.02364504587e-05
1200	1.99659e-05
1201	1.95576651957e-05
1202	1.98152510815e-05
1203	1.98988426434e-05
1204	1.84729930233e-05
1205	1.84871033195e-05
1206	1.84756512438e-05
1207	1.90534476388e-05
1208	1.89278039735e-05
1209	1.88964128205e-05
1210	1.97864785124e-05
1211	1.94608710983e-05
1212	1.90293653465e-05
1213	1.76324539984e-05
1214	1.78142855025e-05
1215	1.79491510288e-05
1216	1.87971171053e-05
1217	1.99422105998e-05
1218	2.03924845649e-05
1219	2.0429878671e-05
1220	2.0612047541e-05
1221	2.06903144144e-05
1222	2.15804008183e-05
1223	2.05232426002e-05
1224	2.09098869281e-05
1225	2.04581857143e-05
1226	2.10812017945e-05
1227	2.10282227384e-05
1228	2.12180824104e-05
1229	2.10767136697e-05
1230	1.92058186992e-05
1231	1.86060380991e-05
1232	1.82241142857e-05
1233	1.72534344688e-05
1234	1.7211556402e-05
1235	1.82221348178e-05
1236	1.85110132686e-05
1237	1.82460697656e-05
1238	1.77698418417e-05
1239	1.69319129136e-05
1240	1.70615451613e-05
1241	1.75863754231e-05
1242	1.78836294686e-05
1243	1.70553851167e-05
1244	1.7359581672e-05
1245	1.69162212851e-05
1246	1.70425934189e-05
1247	1.6740134162e-05
1248	1.67341532051e-05
1249	1.73166526021e-05
1250	1.81867e-05
1251	1.8749361231e-05
1252	1.82128808307e-05
1253	1.68582623304e-05
1254	1.69233481659e-05
1255	1.62519956175e-05
1256	1.67631611465e-05
1257	1.68917313445e-05
1258	1.68434675676e-05
1259	1.5995518745e-05
1260	1.55471698413e-05
1261	1.6075344885e-05
1262	1.53194816165e-05
1263	1.48312444181e-05
1264	1.33857101266e-05
1265	1.34023822134e-05
1266	1.39818241706e-05
1267	1.27772417522e-05
1268	1.30086287066e-05
1269	1.25253877857e-05
1270	1.29770811024e-05
1271	1.20512737215e-05
1272	1.25901295598e-05
1273	1.18899612726e-05
1274	1.29876739404e-05
1275	1.28500176471e-05
1276	1.28697871473e-05
1277	1.2836275881e-05
1278	1.24107200313e-05
1279	1.26253917905e-05
1280	1.2356759375e-05
1281	1.21682497268e-05
1282	1.13991449298e-05
1283	1.19787838659e-05
1284	1.28732520249e-05
1285	1.17458610895e-05
1286	1.14437849145e-05
1287	1.1158883683e-05
1288	1.10925925466e-05
1289	1.08498332816e-05
1290	1.03768302326e-05
1291	1.04577745159e-05
1292	1.04915346749e-05
1293	1.03649951276e-05
1294	1.09310004637e-05
1295	1.04579849421e-05
1296	1.01593104938e-05
1297	1.03810657672e-05
1298	9.66388151002e-06
1299	9.8019200154e-06
1300	9.8095923077e-06
1301	9.72932044582e-06
1302	8.64195222735e-06
1303	9.04251550269e-06
1304	8.64652883436e-06
1305	8.28294980844e-06
1306	9.1723777948e-06
1307	8.82655034431e-06
1308	9.81947798166e-06
1309	9.13426516425e-06
1310	9.76048015268e-06
1311	9.94355827613e-06
1312	1.07964792683e-05
1313	1.17443691546e-05
1314	1.15580917808e-05
1315	1.2252630038e-05
1316	1.16467206687e-05
1317	1.1599058694e-05
1318	1.24221822458e-05
1319	1.20871206217e-05
1320	1.1015369697e-05
1321	1.00970203634e-05
1322	1.05442812406e-05
1323	9.97249863946e-06
1324	1.07379090634e-05
1325	9.70450377359e-06
1326	1.11166239819e-05
1327	1.14224712133e-05
1328	1.09864421687e-05
1329	1.12920023326e-05
1330	1.0975824812e-05
1331	9.85816897071e-06
1332	9.39181591592e-06
1333	8.64739287322e-06
1334	8.8322718141e-06
1335	9.33230449439e-06
1336	9.4265736527e-06
1337	9.44156940913e-06
1338	9.37044409567e-06
1339	8.15528760269e-06
1340	8.05627313433e-06
1341	8.43764496645e-06
1342	8.82150357676e-06
1343	7.92280990321e-06
1344	8.03006666667e-06
1345	7.50645762082e-06
1346	8.51304710253e-06
1347	8.00418507796e-06
1348	8.00564777449e-06
1349	7.96048117124e-06
1350	8.50834444445e-06
1351	8.01439000741e-06
1352	7.68440591716e-06
1353	7.61869379158e-06
1354	7.98904623339e-06
1355	7.52150885609e-06
1356	8.71070825959e-06
1357	8.78164797348e-06
1358	8.37265994109e-06
1359	7.4069522443e-06
1360	7.06045882353e-06
1361	7.04658332109e-06
1362	7.30526857563e-06
1363	7.10781489362e-06
1364	7.72743958945e-06
1365	7.04329926741e-06
1366	6.1913465593e-06
1367	5.7388846379e-06
1368	5.99351695907e-06
1369	6.04953038715e-06
1370	6.85057153285e-06
1371	7.5043463895e-06
1372	6.94368425657e-06
1373	6.55375870357e-06
1374	6.08943711791e-06
1375	6.99793636364e-06
1376	7.89312383721e-06
1377	8.71518830792e-06
1378	9.15216995646e-06
1379	1.03574808557e-05
1380	1.09320594203e-05
1381	9.80153359885e-06
1382	9.58682619393e-06
1383	9.88291373826e-06
1384	9.62142023122e-06
1385	9.19683862816e-06
1386	8.63701111112e-06
1387	8.61591441962e-06
1388	8.66307579251e-06
1389	8.68777904968e-06
1390	8.39554028778e-06
1391	8.67978209921e-06
1392	8.85420459771e-06
1393	8.99032928931e-06
1394	8.58565609757e-06
1395	8.29324767026e-06
1396	8.35197449857e-06
1397	8.733308733e-06
1398	9.11116466381e-06
1399	8.48004581845e-06
1400	9.43011428572e-06
1401	8.31936895075e-06
1402	8.1393807418e-06
1403	7.99044027085e-06
1404	7.82896267807e-06
1405	7.32095338079e-06
1406	7.35555860598e-06
1407	7.46715799574e-06
1408	7.29095681819e-06
1409	6.24332370476e-06
1410	6.56824042554e-06
1411	7.47866399717e-06
1412	6.87894532578e-06
1413	7.1461760085e-06
1414	7.51713055163e-06
1415	7.77618268552e-06
1416	7.18564576272e-06
1417	6.68408630911e-06
1418	6.7495248237e-06
1419	7.19372945737e-06
1420	6.58906901409e-06
1421	6.28941161155e-06
1422	5.37498579466e-06
1423	5.7641642305e-06
1424	5.44106853933e-06
1425	5.77218070176e-06
1426	6.59069663395e-06
1427	5.34009060968e-06
1428	5.75489159665e-06
1429	5.85511623514e-06
1430	6.31275314686e-06
1431	5.9362773585e-06
1432	5.7195452514e-06
1433	6.14359016051e-06
1434	5.43008410043e-06
1435	5.99666655053e-06
1436	5.72778022285e-06
1437	5.64291461378e-06
1438	6.25406411683e-06
1439	5.85588610146e-06
1440	7.21027500001e-06
1441	6.7996335184e-06
1442	6.47444368933e-06
1443	6.89253201664e-06
1444	6.91329612189e-06
1445	6.64468892734e-06
1446	6.46794702628e-06
1447	6.26912736697e-06
1448	5.79682541437e-06
1449	6.50585169083e-06
1450	6.34762413794e-06
1451	6.45894617506e-06
1452	6.9173600551e-06
1453	6.78415877495e-06
1454	6.36049422284e-06
1455	6.80607182131e-06
1456	5.01161428572e-06
1457	4.463683116e-06
1458	3.60175733882e-06
1459	4.07617416039e-06
1460	4.05603698631e-06
1461	4.38281307324e-06
1462	4.68219274966e-06
1463	5.14541469583e-06
1464	5.03477978142e-06
1465	5.4402003413e-06
1466	5.34247571624e-06
1467	5.6025530334e-06
1468	5.67235776567e-06
1469	5.36963723622e-06
1470	5.52950544218e-06
1471	5.01995166553e-06
1472	5.01761195652e-06
1473	5.13591357773e-06
1474	5.49462455902e-06
1475	6.23373050848e-06
1476	7.02447723577e-06
1477	6.80149241706e-06
1478	6.42820040596e-06
1479	6.90321575389e-06
1480	6.5529945946e-06
1481	6.79521127617e-06
1482	7.18237773279e-06
1483	7.64164511126e-06
1484	7.39429622642e-06
1485	7.29502457913e-06
1486	7.52388115747e-06
1487	8.00132030935e-06
1488	8.77442150538e-06
1489	9.04178314305e-06
1490	9.16281275168e-06
1491	9.68904553991e-06
1492	9.82891608579e-06
1493	1.07018879437e-05
1494	1.11910271754e-05
1495	1.14062010033e-05
1496	1.12365951872e-05
1497	1.11497142953e-05
1498	1.1608276502e-05
1499	1.17419440294e-05
1500	1.17657e-05
1501	1.24329952698e-05
1502	1.29794286285e-05
1503	1.26410363939e-05
1504	1.28085462766e-05
1505	1.31572953488e-05
1506	1.30916370518e-05
1507	1.3476696284e-05
1508	1.41048787798e-05
1509	1.45306382372e-05
1510	1.48664960265e-05
1511	1.45132924553e-05
1512	1.50037439153e-05
1513	1.49716038995e-05
1514	1.5567907926e-05
1515	1.52549759076e-05
1516	1.53724039578e-05
1517	1.43517734344e-05
1518	1.45488249012e-05
1519	1.48406794602e-05
1520	1.47331368421e-05
1521	1.39805022354e-05
1522	1.40162416557e-05
1523	1.50906078135e-05
1524	1.51582490814e-05
1525	1.52972770492e-05
1526	1.49287833552e-05
1527	1.51865090373e-05
1528	1.47206643979e-05
1529	1.5019457881e-05
1530	1.59794294118e-05
1531	1.51657105813e-05
1532	1.57937851175e-05
1533	1.61743996738e-05
1534	1.54457826597e-05
1535	1.58024798046e-05
1536	1.61234260417e-05
1537	1.64989969421e-05
1538	1.69619208062e-05
1539	1.66833074074e-05
1540	1.65246012987e-05
1541	1.65249590526e-05
1542	1.70102709468e-05
1543	1.81781683085e-05
1544	1.8188011399e-05
1545	1.86531168285e-05
1546	1.88376076326e-05
1547	1.89085438268e-05
1548	1.90301635659e-05
1549	1.86897799225e-05
1550	1.87487387097e-05
1551	1.92465640877e-05
1552	1.91553458763e-05
1553	1.91647602704e-05
1554	1.90221033462e-05
1555	1.94982151125e-05
1556	1.93737791774e-05
1557	1.89929199101e-05
1558	1.86318691913e-05
1559	1.88711533675e-05
1560	1.97895538462e-05
1561	2.05559128123e-05
1562	2.02668090909e-05
1563	1.97116005758e-05
1564	2.01681634271e-05
1565	2.00803728434e-05
1566	1.94555934866e-05
1567	1.92109989151e-05
1568	1.88366780612e-05
1569	1.83223627151e-05
1570	1.86695942675e-05
1571	1.88091908975e-05
1572	1.91380501272e-05
1573	1.79112464717e-05
1574	1.78630029225e-05
1575	1.80640904762e-05
1576	1.84602274112e-05
1577	1.88807192771e-05
1578	1.84746959442e-05
1579	1.91042723876e-05
1580	1.84236848101e-05
1581	1.85289676787e-05
1582	1.85736243995e-05
1583	1.77616233102e-05
1584	1.79958494949e-05
1585	1.76798747634e-05
1586	1.66532013871e-05
1587	1.64443310019e-05
1588	1.62996405542e-05
1589	1.52737602895e-05
1590	1.56694220126e-05
1591	1.62657177247e-05
1592	1.63667919598e-05
1593	1.66435710609e-05
1594	1.58634156838e-05
1595	1.54354611285e-05
1596	1.55584814536e-05
1597	1.51005712586e-05
1598	1.57176396746e-05
1599	1.56972883677e-05
1600	1.54842125e-05
1601	1.56543509681e-05
1602	1.60493706617e-05
1603	1.61291127261e-05
1604	1.66146157107e-05
1605	1.63757753894e-05
1606	1.65450158157e-05
1607	1.60017867455e-05
1608	1.53454273632e-05
1609	1.53206482909e-05
1610	1.45701857143e-05
1611	1.42261793296e-05
1612	1.40717436725e-05
1613	1.40037363298e-05
1614	1.39649954151e-05
1615	1.35193055728e-05
1616	1.40252193069e-05
1617	1.43708288806e-05
1618	1.36071731768e-05
1619	1.32056096973e-05
1620	1.26863320988e-05
1621	1.27390091919e-05
1622	1.28010541307e-05
1623	1.22253762785e-05
1624	1.24930182266e-05
1625	1.19866692308e-05
1626	1.07901066421e-05
1627	1.04628084204e-05
1628	1.07344380835e-05
1629	1.0720958318e-05
1630	1.0192709816e-05
1631	9.91354561619e-06
1632	9.26977254902e-06
1633	9.34166852419e-06
1634	9.2664752754e-06
1635	9.52825474006e-06
1636	8.91856503667e-06
1637	9.49593665241e-06
1638	9.94531391941e-06
1639	9.91372794387e-06
1640	1.0551204878e-05
1641	1.02373868982e-05
1642	1.09368622412e-05
1643	9.92970401704e-06
1644	9.94445231144e-06
1645	9.94106717325e-06
1646	1.00498975699e-05
1647	1.02245945962e-05
1648	9.82056019418e-06
1649	9.24363802304e-06
1650	8.19171818182e-06
1651	8.55427674137e-06
1652	8.81736489104e-06
1653	8.93083042952e-06
1654	7.55782261185e-06
1655	7.51197250755e-06
1656	7.764547343e-06
1657	8.03293077852e-06
1658	8.03181073583e-06
1659	7.91664743822e-06
1660	8.48704457831e-06
1661	8.30214924744e-06
1662	8.94840300843e-06
1663	8.90957408298e-06
1664	8.18401298077e-06
1665	8.02046456457e-06
1666	8.00441140456e-06
1667	8.86264265147e-06
1668	8.70467697842e-06
1669	8.42970467346e-06
1670	7.73152874252e-06
1671	8.52742603232e-06
1672	7.06668947369e-06
1673	6.78450729229e-06
1674	7.0910135006e-06
1675	6.71106417911e-06
1676	6.20973054893e-06
1677	5.93421842576e-06
1678	5.9910966627e-06
1679	5.81753192377e-06
1680	5.76625714286e-06
1681	5.07494818561e-06
1682	4.20098917955e-06
1683	5.21048110517e-06
1684	6.0988216152e-06
1685	6.17156765579e-06
1686	5.63865207592e-06
1687	5.96019164197e-06
1688	5.15652796209e-06
1689	5.55849325044e-06
1690	6.01560414201e-06
1691	6.31144109994e-06
1692	4.82282671395e-06
1693	4.42846940343e-06
1694	4.12442420307e-06
1695	4.88463156342e-06
1696	5.93285754717e-06
1697	6.52640088391e-06
1698	7.5809647821e-06
1699	7.58867221895e-06
1700	6.83701764706e-06
1701	6.7290452087e-06
1702	6.14082361927e-06
1703	6.9719657663e-06
1704	5.9868741784e-06
1705	5.46704369502e-06
1706	5.64612274326e-06
1707	6.30765161102e-06
1708	5.85289063232e-06
1709	6.35916506729e-06
1710	6.37379473684e-06
1711	5.98776440678e-06
1712	6.16287429907e-06
1713	7.32692159953e-06
1714	6.83564329055e-06
1715	6.25356763848e-06
1716	6.6036972028e-06
1717	6.89348881771e-06
1718	6.68160430733e-06
1719	5.90271791739e-06
1720	5.92915581395e-06
1721	6.06509233004e-06
1722	6.5790358885e-06
1723	6.18652100987e-06
1724	6.40229211137e-06
1725	6.48105942029e-06
1726	6.14380266512e-06
1727	5.77479982629e-06
1728	5.70084212963e-06
1729	5.10076986698e-06
1730	5.08243179191e-06
1731	4.63725181976e-06
1732	4.99633879908e-06
1733	4.83654627813e-06
1734	4.42509261823e-06
1735	4.62408443805e-06
1736	4.97509354839e-06
1737	4.8228775475e-06
1738	4.71301162256e-06
1739	5.45830368028e-06
1740	5.58676206897e-06
1741	5.59198271109e-06
1742	5.66826509759e-06
1743	6.19064469306e-06
1744	6.37286100918e-06
1745	6.72249025788e-06
1746	6.3425093929e-06
1747	6.34476090441e-06
1748	6.46079702517e-06
1749	6.31254951401e-06
1750	6.58607142857e-06
1751	6.86179377499e-06
1752	6.24633378996e-06
1753	6.24515270964e-06
1754	6.39311778792e-06
1755	5.48889145299e-06
1756	5.4370047836e-06
1757	5.19508042117e-06
1758	4.12470546075e-06
1759	3.35935650938e-06
1760	3.34249090909e-06
1761	3.52269159569e-06
1762	4.36891929626e-06
1763	4.34731236529e-06
1764	3.97811088436e-06
1765	3.69408696884e-06
1766	4.469897735e-06
1767	4.4161942841e-06
1768	5.14281176471e-06
1769	5.22214081402e-06
1770	5.33234067797e-06
1771	5.66613150763e-06
1772	5.37358623025e-06
1773	5.26698855048e-06
1774	5.18768128524e-06
1775	5.01781549296e-06
1776	5.19431216217e-06
1777	4.69931024198e-06
1778	4.19344780653e-06
1779	4.30439915683e-06
1780	4.31269775281e-06
1781	4.41834806289e-06
1782	4.21922210999e-06
1783	4.73910807628e-06
1784	5.097032287e-06
1785	5.10295882353e-06
1786	4.77965139978e-06
1787	3.98177576945e-06
1788	3.45979261745e-06
1789	4.2982588597e-06
1790	3.48595586593e-06
1791	3.97712836405e-06
1792	4.236446875e-06
1793	4.44310580034e-06
1794	3.86787324415e-06
1795	3.41595571031e-06
1796	3.50117839644e-06
1797	3.36599460212e-06
1798	3.53980433816e-06
1799	3.21236470262e-06
1800	2.51390000001e-06
1801	2.73614430872e-06
1802	2.60780899002e-06
1803	2.50573915697e-06
1804	2.66941441242e-06
1805	3.21617700832e-06
1806	3.71914473976e-06
1807	3.13882197012e-06
1808	3.34470530974e-06
1809	3.94649148702e-06
1810	4.97092762431e-06
1811	4.82868851464e-06
1812	5.53920022076e-06
1813	5.62432801986e-06
1814	5.73477541346e-06
1815	6.52113415979e-06
1816	6.33316872247e-06
1817	5.3730381398e-06
1818	5.80455786579e-06
1819	5.19002864212e-06
1820	5.63820769231e-06
1821	6.10895875893e-06
1822	6.66953336993e-06
1823	6.92252643994e-06
1824	6.45736929825e-06
1825	6.89584520548e-06
1826	6.29616286967e-06
1827	6.07009813903e-06
1828	6.00456520788e-06
1829	5.81346150903e-06
1830	4.81622786886e-06
1831	4.2122189514e-06
1832	3.77115109171e-06
1833	3.56362504092e-06
1834	3.82012028354e-06
1835	3.95906076295e-06
1836	4.12426601308e-06
1837	4.44683086554e-06
1838	4.83340816105e-06
1839	5.31733556281e-06
1840	5.25356304348e-06
1841	5.55080494297e-06
1842	5.76167633008e-06
1843	5.09017021161e-06
1844	5.55388264642e-06
1845	5.06993794038e-06
1846	4.49588916577e-06
1847	4.74855836492e-06
1848	4.80490432901e-06
1849	4.64853385614e-06
1850	4.22687297298e-06
1851	4.23835272826e-06
1852	4.34323261339e-06
1853	4.10801009175e-06
1854	3.24154185545e-06
1855	3.11967358491e-06
1856	3.27002715518e-06
1857	3.03976645127e-06
1858	2.44183110872e-06
1859	2.52269935449e-06
1860	1.71643763441e-06
1861	1.67563132725e-06
1862	1.47611482277e-06
1863	1.15555646807e-06
1864	1.76441931331e-06
1865	1.32061849866e-06
1866	1.33050878886e-06
1867	1.63626422068e-06
1868	1.72183147752e-06
1869	1.34513488497e-06
1870	1.86194278075e-06
1871	1.74784013897e-06
1872	1.47499188034e-06
1873	1.72000037373e-06
1874	2.1744058698e-06
1875	2.50646e-06
1876	3.03384243071e-06
1877	3.6306149707e-06
1878	3.70981906284e-06
1879	3.847480628e-06
1880	4.57547446809e-06
1881	4.16074848485e-06
1882	3.07930063762e-06
1883	3.36028661711e-06
1884	3.42101677283e-06
1885	3.61218647215e-06
1886	3.57234750796e-06
1887	3.91866629571e-06
1888	3.7724572034e-06
1889	4.21465066173e-06
1890	4.50473597884e-06
1891	4.26125166579e-06
1892	4.49524460888e-06
1893	4.11551965135e-06
1894	3.90800137276e-06
1895	3.97294485488e-06
1896	3.46756666667e-06
1897	2.92903653137e-06
1898	3.06225405691e-06
1899	3.88253507109e-06
1900	3.60168947369e-06
1901	3.59215460284e-06
1902	3.39771913775e-06
1903	3.36328833421e-06
1904	3.20258067227e-06
1905	3.67044068242e-06
1906	3.76640367262e-06
1907	3.2925754064e-06
1908	3.32375115304e-06
1909	3.58270984809e-06
1910	3.85317748692e-06
1911	3.76606221874e-06
1912	3.1278874477e-06
1913	3.06899984318e-06
1914	2.96576415883e-06
1915	2.40164412533e-06
1916	2.38701691023e-06
1917	2.84720933751e-06
1918	2.46114504693e-06
1919	2.24166341845e-06
1920	1.76293125e-06
1921	2.14378131182e-06
1922	2.32975015609e-06
1923	1.54688283932e-06
1924	1.15885218295e-06
1925	1.52758831169e-06
1926	1.52039636553e-06
1927	1.9245248054e-06
1928	1.97610746888e-06
1929	1.7271182478e-06
1930	1.84242849741e-06
1931	1.73980471259e-06
1932	1.16000973085e-06
1933	9.45067097776e-07
1934	4.2031571872e-07
1935	6.72385788115e-07
1936	5.80548760331e-07
1937	4.34960402685e-07
1938	8.18211661507e-07
1939	6.98488963384e-07
1940	4.82291752578e-07
1941	1.38192782071e-06
1942	1.5864561277e-06
1943	2.07615733402e-06
1944	1.80480946502e-06
1945	1.89708251928e-06
1946	2.63653720452e-06
1947	2.82921278891e-06
1948	3.10362073922e-06
1949	2.98888101591e-06
1950	2.48092564103e-06
1951	1.5201337263e-06
1952	1.54833852459e-06
1953	9.70728469024e-07
1954	7.54610337772e-07
1955	4.65465217394e-07
1956	3.75184253582e-07
1957	3.31904087892e-07
1958	6.89229928501e-07
1959	1.84130627868e-07
1960	2.60324489795e-07
1961	1.26515048444e-06
1962	1.01839153924e-06
1963	7.61695517064e-07
1964	9.87643788185e-07
1965	1.08114834605e-06
1966	1.08457812818e-06
1967	1.22191392984e-06
1968	1.84696585366e-06
1969	2.2866698324e-06
1970	2.05795786802e-06
1971	1.61704774226e-06
1972	1.09103711967e-06
1973	9.97592143942e-07
1974	1.04476869301e-06
1975	1.00349240506e-06
1976	4.25112145748e-07
1977	2.72203186645e-07
1978	1.43665217391e-07
1979	1.11214704395e-07
1980	5.43425252526e-07
1981	2.32689500253e-07
1982	3.87857618567e-07
1983	9.78266767523e-08
1984	2.67547580644e-07
1985	1.54477833752e-07
1986	5.97652265861e-07
1987	1.13050493206e-06
1988	1.00326418511e-06
1989	7.46086023126e-07
1990	7.51327135678e-07
1991	3.73388699145e-07
1992	4.7349759036e-07
1993	5.83206874058e-07
1994	3.06848244733e-07
1995	3.9372406015e-07
1996	2.4278737475e-07
1997	2.32735252879e-07
1998	6.05529629629e-07
1999	4.41532816408e-07
2000	0.0
