1	0.002392989	0.01
2	0.001772489	0.00707106781187
3	0.00229532233333	0.0057735026919
4	0.001340489	0.005
5	0.000801789	0.004472135955
6	0.00114532233333	0.00408248290464
7	0.00180056042857	0.00377964473009
8	0.001443989	0.00353553390593
9	0.00117765566667	0.00333333333333
10	0.000468389	0.00316227766017
11	0.000380079909091	0.00301511344578
12	0.000681739	0.00288675134595
13	0.000596527461538	0.00277350098113
14	0.000886346142857	0.00267261241912
15	0.000965322333333	0.00258198889747
16	0.000751364	0.0025
17	0.000843106647059	0.00242535625036
18	0.000590155666667	0.00235702260396
19	0.00038751531579	0.00229415733871
20	0.000525439	0.0022360679775
21	0.000914369952381	0.00218217890236
22	0.000819989	0.00213200716356
23	0.000874684652174	0.00208514414057
24	0.000668364	0.00204124145232
25	0.000624629	0.002
26	0.000671527461538	0.00196116135138
27	0.000882396407407	0.0019245008973
28	0.000747560428571	0.00188982236505
29	0.000664575206897	0.00185695338177
30	0.000680922333333	0.00182574185835
31	0.00110689222581	0.00179605302027
32	0.00107139525	0.00176776695297
33	0.000932989	0.00174077655956
34	0.001015489	0.00171498585143
35	0.000895989	0.00169030850946
36	0.000893627888889	0.00166666666667
37	0.00092671872973	0.00164398987305
38	0.000943831105263	0.00162221421131
39	0.000878091564103	0.00160128153805
40	0.000959764	0.00158113883008
41	0.000834842658537	0.00156173761889
42	0.00086279852381	0.00154303349962
43	0.000801268069767	0.00152498570333
44	0.000795034454545	0.00150755672289
45	0.000813411222222	0.001490711985
46	0.00088746726087	0.00147441956155
47	0.00083769112766	0.00145864991498
48	0.000829968166667	0.00144337567297
49	0.000797825734694	0.00142857142857
50	0.000730169	0.00141421356237
51	0.000681910568627	0.00140028008403
52	0.000644758230769	0.00138675049056
53	0.000727215415094	0.00137360563949
54	0.00068135937037	0.00136082763488
55	0.000629098090909	0.00134839972493
56	0.000527739	0.00133630620956
57	0.000491234614035	0.00132453235707
58	0.000500920034483	0.0013130643286
59	0.000458531372881	0.00130188910981
60	0.000408589	0.00129099444874
61	0.000500759491803	0.00128036879933
62	0.00045784383871	0.00127000127
63	0.000454036619048	0.0012598815767
64	0.000468067125	0.00125
65	0.000448096692308	0.00124034734589
66	0.000391504151515	0.00123091490979
67	0.000346436761194	0.00122169444356
68	0.000358812529412	0.00121267812518
69	0.000353046971015	0.00120385853086
70	0.000423131857143	0.00119522860933
71	0.000423904492958	0.00118678165819
72	0.000359669555556	0.00117851130198
73	0.000320591739726	0.00117041147196
74	0.000366137648649	0.00116247638744
75	0.000383042333333	0.00115470053838
76	0.000446133736842	0.00114707866935
77	0.000429638350649	0.0011396057646
78	0.000407386435897	0.00113227703414
79	0.000475799126582	0.00112508790093
80	0.000448389	0.00111803398875
81	0.000504309987654	0.00111111111111
82	0.000457562170732	0.00110431526075
83	0.000432796228916	0.0010976425999
84	0.000422524714286	0.00109108945118
85	0.000396506647059	0.00108465228909
86	0.000390489	0.00107832773203
87	0.000398471758621	0.00107211253484
88	0.000397318545455	0.00106600358178
89	0.000335708101124	0.00105999788001
90	0.000328477888889	0.00105409255339
91	0.000272252736264	0.00104828483672
92	0.000232934652174	0.00104257207029
93	0.000282053516129	0.00103695169473
94	0.000266542191489	0.00103142124626
95	0.000232704789474	0.00102597835209
96	0.00017020775	0.00102062072616
97	0.00016517456701	0.00101534616513
98	0.000111795122449	0.00101015254455
99	0.000125776878788	0.00100503781526
100	0.000127649	0.001
101	0.000150078108911	0.00099503719021
102	0.000176979196078	0.000990147542977
103	0.000151047252427	0.000985329278164
104	0.000160008230769	0.000980580675691
105	0.000123474714286	0.000975900072949
106	0.000123290886792	0.000971285862357
107	0.000164596476636	0.000966736489046
108	0.00013510937037	0.000962250448649
109	0.000151585330275	0.000957826285221
110	0.000113534454545	0.000953462589246
111	0.000110115126126	0.000949157995752
112	0.000104480071429	0.000944911182523
113	5.28828053098e-05	0.000940720868384
114	9.24714561404e-05	0.000936585811582
115	0.000115919434783	0.00093250480824
116	9.4764862069e-05	0.000928476690885
117	5.77325897436e-05	0.000924500327042
118	2.3175440678e-05	0.000920574617898
119	1.77873193278e-05	0.000916698497028
120	2.04723333334e-05	0.000912870929175
121	7.23774297521e-05	0.000909090909091
122	6.77922786885e-05	0.000905357460425
123	4.1151601626e-05	0.000901669634667
124	6.08277096774e-05	0.000898026510134
125	2.4101e-05	0.000894427191
126	3.93163492061e-06	0.000890870806375
127	2.00126220473e-05	0.000887356509416
128	2.40905625e-05	0.000883883476483
129	1.22680697675e-05	0.000880450906326
130	4.8956153846e-06	0.000877058019307
131	3.0652221374e-05	0.000873704056661
132	3.16700909091e-05	0.000870388279778
133	4.02064887218e-05	0.000867109969524
134	5.51304029851e-05	0.000863868425581
135	7.57072962963e-05	0.000860662965824
136	9.31948235294e-05	0.000857492925713
137	0.000125310270073	0.000854357657717
138	0.000120873318841	0.000851256530759
139	0.000134032582734	0.00084818892968
140	0.000111418142857	0.000845154254729
141	0.000136372702128	0.000842151921067
142	0.000102708183099	0.000839181358297
143	0.000108129881119	0.000836242010007
144	0.000108351277778	0.000833333333333
145	5.94799655172e-05	0.000830454798537
146	5.91411369863e-05	0.000827605888602
147	2.84871904762e-05	0.000824786098842
148	3.23826216216e-05	0.000821994936527
149	2.1977442953e-05	0.000819231920519
150	2.08643333333e-05	0.000816496580928
151	2.39646423841e-05	0.000813788458771
152	2.45178947367e-06	0.000811107105654
153	5.02308300654e-05	0.000808452083454
154	5.34240649351e-05	0.000805822964025
155	4.49696451613e-05	0.000803219328902
156	2.20146410257e-05	0.000800640769025
157	1.65524012739e-05	0.000798086884468
158	8.48900000001e-06	0.000795557284176
159	6.56445911948e-06	0.000793051585718
160	9.39000000012e-07	0.000790569415042
161	7.12280124222e-06	0.000788110406239
162	3.04122345679e-05	0.000785674201318
163	5.82134539877e-05	0.000783260449988
164	6.71878292683e-05	0.000780868809443
165	5.89382727273e-05	0.000778498944162
166	5.35411204819e-05	0.000776150525706
167	7.91187844311e-05	0.000773823232534
168	9.45705238095e-05	0.00077151674981
169	0.000103117508876	0.000769230769231
170	9.50992352941e-05	0.000766964988847
171	6.29642163743e-05	0.000764719112902
172	6.18191395349e-05	0.000762492851663
173	7.68780520231e-05	0.00076028592127
174	8.16087011494e-05	0.000758098043579
175	5.86452857143e-05	0.000755928946018
176	3.51019090909e-05	0.000753778361444
177	2.73895310734e-05	0.000751646028003
178	2.91795393258e-05	0.000749531688996
179	1.98154692737e-05	0.000747435092752
180	8.28344444445e-06	0.0007453559925
181	2.93917679557e-06	0.000743294146247
182	2.73791098901e-05	0.000741249316661
183	9.78681420766e-06	0.000739221270955
184	7.76073913044e-06	0.000737209780774
185	9.24513513509e-07	0.000735214622094
186	6.55351612904e-06	0.000733235575107
187	1.19034385027e-05	0.000731272424127
188	7.41525531914e-06	0.000729324957489
189	2.06088835979e-05	0.000727392967453
190	1.68057368421e-05	0.00072547625011
191	8.73351308899e-06	0.000723574605292
192	3.14641666666e-06	0.000721687836487
193	1.13620569948e-05	0.000719815750749
194	9.717185567e-06	0.000717958158618
195	2.63340769231e-05	0.000716114874039
196	4.19140612245e-05	0.000714285714286
197	6.68688680203e-05	0.000712470499879
198	4.2808979798e-05	0.000710669054519
199	4.22723065326e-05	0.000708881205008
200	3.9011e-05	0.000707106781187
201	3.71751791045e-05	0.000705345615859
202	3.73575346535e-05	0.00070359754473
203	3.00750394089e-05	0.000701862406344
204	4.32953137255e-05	0.000700140042014
205	4.13329512195e-05	0.00069843029577
206	4.66809029126e-05	0.000696733014292
207	5.98129323671e-05	0.000695048046857
208	5.81023461538e-05	0.000693375245282
209	5.0987076555e-05	0.000691714463866
210	8.06681428571e-05	0.000690065559342
211	0.000105034696682	0.000688428390822
212	0.000139020433962	0.000686802819743
213	0.000134194098592	0.000685188709828
214	0.000137403523364	0.000683585927025
215	0.000148941232558	0.00068199433947
216	0.000150418407407	0.00068041381744
217	0.000143997175115	0.000678844233302
218	0.000106437605505	0.000677285461479
219	9.34858858447e-05	0.000675737378399
220	8.6511e-05	0.000674199862463
221	0.000109006475113	0.000672672793996
222	9.2538027027e-05	0.000671156055214
223	7.36163811659e-05	0.000669649530182
224	8.11761785714e-05	0.000668153104781
225	7.98376666667e-05	0.000666666666667
226	9.51260442478e-05	0.000665190105238
227	8.74030704846e-05	0.0006637233116
228	0.000113011	0.000662266178533
229	0.000142465148472	0.000660818600455
230	0.000132793608696	0.000659380473396
231	0.000138811865801	0.00065795169496
232	0.000130058413793	0.000656532164299
233	0.000136684819742	0.00065512178208
234	0.000129587923077	0.000653720450461
235	0.00014775993617	0.000652328073053
236	0.000161659305085	0.000650944554904
237	0.000174036316456	0.000649569802462
238	0.000168246294118	0.000648203723552
239	0.000166073761506	0.000646846227353
240	0.000173365166667	0.000645497224368
241	0.000162330502075	0.000644156626401
242	0.000160353975207	0.000642824346533
243	0.000152438983539	0.0006415002991
244	0.000150650344262	0.000640184399664
245	0.000165076306122	0.000638876565
246	0.000142872788618	0.000637576713063
247	0.000144314643725	0.000636284762976
248	0.000152567451613	0.000635000635001
249	0.000152934694779	0.000633724250524
250	0.000158491	0.000632455532034
251	0.000170560800797	0.000631194403098
252	0.000170038777778	0.000629940788349
253	0.000154647363636	0.000628694613462
254	0.000154101551181	0.000627455805138
255	0.000161477666667	0.000626224291085
256	0.00015541725	0.000625
257	0.000168983762646	0.000623782861552
258	0.000178189294574	0.000622572806365
259	0.00019996080695	0.000621369766001
260	0.000214118692308	0.000620173672946
261	0.000208972685824	0.00061898446059
262	0.000212220923664	0.000617802063215
263	0.000198505296578	0.000616626415978
264	0.00019629130303	0.000615457454897
265	0.000185233641509	0.000614295116834
266	0.000184217766917	0.000613139339485
267	0.000148276917603	0.000611990061362
268	0.000140555776119	0.000610847221782
269	0.000141323267658	0.00060971076085
270	0.000147125814815	0.00060858061945
271	0.000153804357934	0.000607456739231
272	0.000155636	0.000606339062591
273	0.000168190487179	0.000605227532669
274	0.00018704019708	0.00060412209333
275	0.000169974636364	0.000603022689156
276	0.00016744215942	0.000601929265429
277	0.000186014610108	0.000600841768126
278	0.000176554165468	0.000599760143904
279	0.000173942899642	0.000598684340089
280	0.000162886	0.000597614304667
281	0.000166317049822	0.000596549986272
282	0.000175581921986	0.000595491334175
283	0.000178378491166	0.000594438298278
284	0.000161165929577	0.000593390829097
285	0.000167656614035	0.000592348877759
286	0.000172552958042	0.000591312395989
287	0.000178108560976	0.000590281336101
288	0.000175833916667	0.000589255650989
289	0.000183934875433	0.000588235294118
290	0.000194086862069	0.000587220219515
291	0.000185883852234	0.000586210381761
292	0.000201384287671	0.000585205735981
293	0.000216652638225	0.000584206237837
294	0.000210507598639	0.00058321184352
295	0.000213387271186	0.00058222250974
296	0.000220389378378	0.000581238193719
297	0.000203802245791	0.000580258853186
298	0.000175635161074	0.000579284446363
299	0.000165348792642	0.000578314931966
300	0.000165981	0.00057735026919
301	0.00017977844186	0.000576390417704
302	0.000189345437086	0.000575435337648
303	0.00019899779868	0.000574484989621
304	0.000183964947368	0.000573539334676
305	0.000178132311475	0.000572598334314
306	0.000179560019608	0.000571661950475
307	0.000186024029316	0.000570730145535
308	0.000180825935065	0.000569802882298
309	0.000201023944984	0.000568880123989
310	0.000185249709677	0.000567961834247
311	0.000184432221865	0.000567047977124
312	0.000189648820513	0.000566138517072
313	0.000182042948882	0.000565233418944
314	0.000179886796178	0.000564332647983
315	0.000169296714286	0.000563436169819
316	0.00016879264557	0.000562543950463
317	0.00017320973817	0.000561655956302
318	0.00018085691195	0.000560772154092
319	0.000184747677116	0.000559892510956
320	0.000197676625	0.000559016994375
321	0.000193845890966	0.000558145572186
322	0.000197200440994	0.000557278212575
323	0.000192237006192	0.000556414884075
324	0.000185489395062	0.000555555555556
325	0.000186041769231	0.000554700196225
326	0.000197581552147	0.000553848775622
327	0.000178130266055	0.000553001263609
328	0.000171730512195	0.000552157630374
329	0.000170916775076	0.00055131784642
330	0.00017778069697	0.000550481882563
331	0.000173660546828	0.000549649709929
332	0.000177071240964	0.000548821299948
333	0.000169581570571	0.000547996624351
334	0.000170711598802	0.000547175655165
335	0.000186981149254	0.000546358364708
336	0.00020482052381	0.00054554472559
337	0.00021294868546	0.000544734710703
338	0.000192434076923	0.00054392829322
339	0.000199860557522	0.000543125446594
340	0.000200481588235	0.000542326144547
341	0.000202497803519	0.000541530361074
342	0.000205405736842	0.000540738070436
343	0.000211538696793	0.000539949247156
344	0.00022989472093	0.000539163866017
345	0.000232454478261	0.000538381902058
346	0.000217999439306	0.00053760333057
347	0.000224100337176	0.000536828127095
348	0.000232818471264	0.000536056267419
349	0.00023565569914	0.000535287727572
350	0.000244545285714	0.000534522483825
351	0.000248805871795	0.000533760512684
352	0.000258357590909	0.000533001790889
353	0.000248569073654	0.000532246295412
354	0.00025407879661	0.000531494003453
355	0.000251318042254	0.000530744892434
356	0.000250761	0.000529998940003
357	0.000257991392157	0.000529256124025
358	0.000257184184358	0.000528516422582
359	0.000244264481894	0.000527779813969
360	0.000237916555556	0.000527046276695
361	0.000245745072022	0.000526315789474
362	0.000245712657459	0.000525588331228
363	0.000253493093664	0.000524863881081
364	0.000269414846154	0.000524142418361
365	0.000256687712329	0.00052342392259
366	0.000262860726776	0.000522708373489
367	0.000273763043597	0.000521995750972
368	0.000277429478261	0.000521286035143
369	0.000275696636856	0.000520579206295
370	0.000291413702703	0.00051987524491
371	0.000302471916442	0.000519174131651
372	0.000292605086021	0.000518475847365
373	0.000293705369973	0.000517780373078
374	0.00029022757754	0.000517087689995
375	0.000287323	0.000516397779494
376	0.000288628021277	0.000515710623129
377	0.000293639647215	0.000515026202625
378	0.000290227931217	0.000514344499874
379	0.000261306514512	0.000513665496938
380	0.000261650473684	0.000512989176043
381	0.000264139608924	0.000512315519579
382	0.000256332989529	0.000511644510097
383	0.000243008389034	0.000510976130308
384	0.0002373938125	0.00051031036308
385	0.000229112298701	0.000509647191438
386	0.00022783742487	0.000508986598559
387	0.00022835725323	0.000508328567775
388	0.000220974917526	0.000507673082567
389	0.000222759071979	0.000507020126563
390	0.000229475102564	0.000506369683542
391	0.000215085168798	0.000505721737424
392	0.000199559469388	0.000505076272276
393	0.000207980465649	0.000504433272305
394	0.000210305416244	0.00050379272186
395	0.000219324924051	0.000503154605427
396	0.00021575089899	0.00050251890763
397	0.000207728884131	0.000501885613228
398	0.000202872809045	0.000501254707117
399	0.000189795461153	0.000500626174322
400	0.0001713235	0.0005
401	0.000169063369077	0.000499376169439
402	0.000161913985075	0.000498754668054
403	0.000145956409429	0.000498135481387
404	0.000145753574257	0.000497518595105
405	0.000150448037037	0.000496903995
406	0.000140823807882	0.000496291666985
407	0.00013729109828	0.000495681597097
408	0.00013932227451	0.000495073771488
409	0.000137321513447	0.000494468176434
410	0.000146442707317	0.000493864798325
411	0.000132453822384	0.000493263623667
412	0.000136879932039	0.000492664639082
413	0.000135434728814	0.000492067831305
414	0.000136416797101	0.000491473187183
415	0.000140439915663	0.000490880693674
416	0.000148984557692	0.000490290337845
417	0.000161337139089	0.000489702106874
418	0.000155836358852	0.000489115988045
419	0.000173147038186	0.000488531968746
420	0.000177022904762	0.000487950036474
421	0.000173217650831	0.000487370178829
422	0.000169548914692	0.000486792383511
423	0.000176211945626	0.000486216638326
424	0.000182864773585	0.000485642931179
425	0.000173996882353	0.000485071250073
426	0.000174290342723	0.000484501583112
427	0.000185491093677	0.000483933918496
428	0.000190623149533	0.000483368244523
429	0.000197038972028	0.000482804549585
430	0.000191424953488	0.00048224282217
431	0.000201816104408	0.000481683050859
432	0.000175031833333	0.000481125224325
433	0.000173066427252	0.000480569331332
434	0.000173326668203	0.000480015360737
435	0.000171928241379	0.000479463301485
436	0.000173708247706	0.000478913142611
437	0.000181196354691	0.000478364873235
438	0.000174894561644	0.000477818482567
439	0.000172450635535	0.000477273959903
440	0.000172538272727	0.000476731294623
441	0.00017588855102	0.00047619047619
442	0.000181343579186	0.000475651494154
443	0.000180904905192	0.000475114338146
444	0.000178069558559	0.000474578997876
445	0.000191307629213	0.00047404546314
446	0.000193963914798	0.00047351372381
447	0.000192151939597	0.00047298376984
448	0.000198470821429	0.000472455591262
449	0.000188672469933	0.000471929178183
450	0.000191062111111	0.000471404520791
451	0.000190696144124	0.000470881609348
452	0.000195601707965	0.000470360434192
453	0.000201933737307	0.000469840985735
454	0.000202539634361	0.000469323254464
455	0.000207716494505	0.000468807230938
456	0.000211256614035	0.000468292905791
457	0.000198341415755	0.000467780269725
458	0.000196899646288	0.000467269313516
459	0.000192790956427	0.000466760028009
460	0.000199615347826	0.00046625240412
461	0.000184264796095	0.000465746432833
462	0.000177052125541	0.000465242105199
463	0.000177013159827	0.00046473941234
464	0.000169909706897	0.000464238345443
465	0.000175124978495	0.00046373889576
466	0.000179180527897	0.000463241054612
467	0.000192278665953	0.000462744813383
468	0.000189021683761	0.000462250163521
469	0.000202787119403	0.00046175709654
470	0.000198766319149	0.000461265604014
471	0.000188408027601	0.000460775677584
472	0.000191288542373	0.000460287308949
473	0.000196721359408	0.000459800489872
474	0.000205641801688	0.000459315212175
475	0.000206112052632	0.000458831467741
476	0.000207983689076	0.000458349248514
477	0.000218382069182	0.000457868546496
478	0.000222699284519	0.000457389353746
479	0.000227094507307	0.000456911662385
480	0.000222669333333	0.000456435464588
481	0.000221703307692	0.000455960752588
482	0.000211540045643	0.000455487518674
483	0.000211391952381	0.000455015755193
484	0.00020274653719	0.000454545454545
485	0.000203936773196	0.000454076609186
486	0.000208272316872	0.000453609211627
487	0.000200643443532	0.000453143254429
488	0.000197756901639	0.000452678730213
489	0.000203395458078	0.000452215631646
490	0.000206637530612	0.000451753951453
491	0.000196436661914	0.000451293682407
492	0.000191773195122	0.000450834817334
493	0.000197126618661	0.000450377349111
494	0.000194865251012	0.000449921270666
495	0.000205158474747	0.000449466574975
496	0.000205819467742	0.000449013255067
497	0.00019592045674	0.000448561304016
498	0.000175884493976	0.000448110714948
499	0.000176848675351	0.000447661481036
500	0.000170383	0.0004472135955
501	0.000178464093812	0.000446767051609
502	0.000188399446215	0.000446321842677
503	0.000181786347913	0.000445877962068
504	0.000179441555556	0.000445435403187
505	0.000179559514851	0.00044499415949
506	0.000172285703557	0.000444554224474
507	0.000173610605523	0.000444115591684
508	0.000177918480315	0.000443678254708
509	0.000184771314342	0.000443242207178
510	0.000185212960784	0.00044280744277
511	0.000187216479452	0.000442373955204
512	0.000184536390625	0.000441941738242
513	0.000181819966862	0.000441510785688
514	0.000184011	0.000441081091391
515	0.000180910029126	0.000440652649239
516	0.000191507124031	0.000440225453163
517	0.000193227634429	0.000439799497134
518	0.000197624899614	0.000439374775164
519	0.000185743177264	0.000438951281306
520	0.000186382153846	0.000438529009654
521	0.000172726930902	0.000438107954338
522	0.000174922877395	0.000437688109532
523	0.000178640063098	0.000437269469447
524	0.000183778175573	0.000436852028331
525	0.000188014809524	0.000436435780472
526	0.000185611760456	0.000436020720197
527	0.000186678931689	0.000435606841869
528	0.000197637893939	0.000435194139889
529	0.000200375839319	0.000434782608696
530	0.000196884584906	0.000434372242763
531	0.000198353749529	0.000433963036603
532	0.000183580548872	0.000433554984762
533	0.000166778354597	0.000433148081824
534	0.000166731973783	0.000432742322408
535	0.000168554925234	0.000432337701167
536	0.000164969955224	0.000431934212791
537	0.000171011	0.000431531852002
538	0.000158778657993	0.000431130613559
539	0.000152448847866	0.000430730492254
540	0.000152318407407	0.000430331482912
541	0.000162214327172	0.000429933580392
542	0.00016077299262	0.000429536779588
543	0.000161865511971	0.000429141075423
544	0.000159562470588	0.000428746462856
545	0.00015525687156	0.000428352936878
546	0.000158674003663	0.000427960492511
547	0.000169122517367	0.000427569124809
548	0.000171487277372	0.000427178828858
549	0.000172974570128	0.000426789599776
550	0.000175029181818	0.000426401432711
551	0.000178441127042	0.000426014322842
552	0.000182221144928	0.000425628265379
553	0.000181350963834	0.000425243255563
554	0.000190027245487	0.000424859288662
555	0.000185935324324	0.000424476359978
556	0.000188205244604	0.00042409446484
557	0.00017212051526	0.000423713598607
558	0.000174123903226	0.000423333756667
559	0.000172080767442	0.000422954934438
560	0.000166594928571	0.000422577127364
561	0.000166381766488	0.000422200330921
562	0.000167283241993	0.00042182454061
563	0.000159813841918	0.000421449751961
564	0.000159622702128	0.000421075960533
565	0.000162301265487	0.000420703161912
566	0.000165756583039	0.000420331351709
567	0.000167716467372	0.000419960525566
568	0.000174294450704	0.000419590679148
569	0.000168981123023	0.00041922180815
570	0.000173637315789	0.000418853908292
571	0.000178084555166	0.000418486975319
572	0.000171444566434	0.000418121005004
573	0.000176492675393	0.000417755993144
574	0.000167876853659	0.000417391935565
575	0.000163011	0.000417028828114
576	0.000163337388889	0.000416666666667
577	0.000158491069324	0.000416305447122
578	0.000161178820069	0.000415945165404
579	0.000161784747841	0.000415585817462
580	0.000163564448276	0.000415227399269
581	0.000151332858864	0.000414869906823
582	0.000143328869416	0.000414513336145
583	0.000131909799314	0.000414157683281
584	0.000123730178082	0.000413802944301
585	0.000122829803419	0.000413449115297
586	0.000115420556314	0.000413096192386
587	0.00011396329983	0.000412744171706
588	0.000114672564626	0.000412393049421
589	0.000114021186757	0.000412042821715
590	0.000108092355932	0.000411693484796
591	9.8508461929e-05	0.000411345034895
592	0.000102835324324	0.000410997468263
593	9.11172394604e-05	0.000410650781177
594	9.23173973064e-05	0.000410304969931
595	9.36950336135e-05	0.000409960030845
596	9.79623422819e-05	0.00040961596026
597	0.000101267281407	0.000409272754535
598	0.000101143107023	0.000408930410055
599	0.000103548562604	0.000408588923223
600	0.000112724333333	0.000408248290464
601	0.000109626640599	0.000407908508224
602	0.000114638906977	0.00040756957297
603	0.000106183470978	0.000407231481188
604	0.000111502721854	0.000406894229386
605	0.000119521743802	0.000406557814091
606	0.000119336082508	0.000406222231851
607	0.000105813306425	0.000405887479234
608	0.000112075144737	0.000405553552827
609	0.000116280293924	0.000405220449237
610	0.000116647065574	0.000404888165089
611	0.000120796597381	0.000404556697031
612	0.000118671130719	0.000404226041727
613	0.00011280871615	0.000403896195861
614	0.000108625006515	0.000403567156136
615	0.000107293926829	0.000403238919273
616	0.000117588922078	0.000402911482013
617	0.000122135797407	0.000402584841114
618	0.000126656631068	0.000402258993355
619	0.00012509823748	0.000401933935529
620	0.000135198096774	0.000401609664451
621	0.000135991676329	0.000401286176953
622	0.000141039938907	0.000400963469882
623	0.000141063969502	0.000400641540108
624	0.000132956512821	0.000400320384513
625	0.0001330222	0.0004
626	0.000135873619808	0.000399680383489
627	0.000130251829346	0.000399361531915
628	0.000132135203822	0.000399043442234
629	0.000130697804452	0.000398726111414
630	0.000135463380952	0.000398409536445
631	0.000135039526149	0.000398093714329
632	0.000130977772152	0.000397778642088
633	0.000133584459716	0.000397464316759
634	0.000125052009464	0.000397150735395
635	0.000130078716535	0.000396837895066
636	0.000136089616352	0.000396525792859
637	0.000131080073783	0.000396214425875
638	0.000135556454545	0.000395903791232
639	0.000139300514867	0.000395593886065
640	0.000134464125	0.000395284707521
641	0.000124948597504	0.000394976252767
642	0.000120268009346	0.000394668518982
643	0.0001153391493	0.000394361503363
644	0.000116942677019	0.00039405520312
645	0.000115125728682	0.000393749615479
646	0.000110737006192	0.000393444737682
647	0.000114752885626	0.000393140566985
648	0.000124660691358	0.000392837100659
649	0.000132963234207	0.000392534335989
650	0.000134207923077	0.000392232270276
651	0.000139401168971	0.000391930900835
652	0.000141771736196	0.000391630224994
653	0.000138373940276	0.000391330240097
654	0.000137760235474	0.000391030943503
655	0.000133378938931	0.000390732332582
656	0.000129701548781	0.000390434404722
657	0.000127137331811	0.00039013715732
658	0.000127720726444	0.000389840587793
659	0.000127813731411	0.000389544693566
660	0.000130189787879	0.000389249472081
661	0.000135144131619	0.000388954920792
662	0.000143208885196	0.000388661037168
663	0.000147220653092	0.00038836781869
664	0.000146310698795	0.000388075262853
665	0.000151474157895	0.000387783367165
666	0.000147614603604	0.000387492129146
667	0.000146723143928	0.000387201546331
668	0.000149810401198	0.000386911616267
669	0.0001503742287	0.000386622336514
670	0.000152548313433	0.000386333704643
671	0.000151838123696	0.000386045718241
672	0.000153156833333	0.000385758374905
673	0.000148418132244	0.000385471672246
674	0.000146954620178	0.000385185607886
675	0.000143550259259	0.00038490017946
676	0.000144311295858	0.000384615384615
677	0.00014254423486	0.000384331221012
678	0.000144761737463	0.000384047686321
679	0.000138365933726	0.000383764778227
680	0.000140558058824	0.000383482494424
681	0.000135858283407	0.00038320083262
682	0.00014436583871	0.000382919790534
683	0.00014836531918	0.000382639365897
684	0.000141297549708	0.000382359556451
685	0.000146686912409	0.00038208035995
686	0.000148235489796	0.000381801774161
687	0.000154088147016	0.000381523796858
688	0.000152981930233	0.000381246425832
689	0.000145476892598	0.00038096965888
690	0.000151974768116	0.000380693493813
691	0.000153175978292	0.000380417928454
692	0.000157220537572	0.000380142960635
693	0.000150546353535	0.000379868588199
694	0.000147699760807	0.000379594809001
695	0.000154690136691	0.000379321620905
696	0.000160140310345	0.000379049021789
697	0.000152358202296	0.000378777009539
698	0.000156059710602	0.000378505582052
699	0.000159649054363	0.000378234737236
700	0.000157976714286	0.000377964473009
701	0.000155718560628	0.0003776947873
702	0.00015295117094	0.000377425678048
703	0.00015260701707	0.000377157143202
704	0.000155732590909	0.000376889180722
705	0.00016106206383	0.000376621788577
706	0.000161900518414	0.000376354964747
707	0.000164160929279	0.000376088707222
708	0.000163946028249	0.000375823014001
709	0.000163604794076	0.000375557883094
710	0.000164026492958	0.00037529331252
711	0.000148085542897	0.000375029300309
712	0.000152666898876	0.000374765844498
713	0.000135633720898	0.000374502943137
714	0.000136237890756	0.000374240594283
715	0.000139546664336	0.000373978796003
716	0.000145830832402	0.000373717546376
717	0.000148161627615	0.000373456843487
718	0.000143848047354	0.000373196685431
719	0.00013736844089	0.000372937070314
720	0.000142915166667	0.00037267799625
721	0.000141640680999	0.000372419461362
722	0.000146947288089	0.000372161463782
723	0.000142316670816	0.000371904001653
724	0.000146360447514	0.000371647073124
725	0.00014844962069	0.000371390676354
726	0.000148432487603	0.000371134809513
727	0.000142137547455	0.000370879470776
728	0.000140722538462	0.000370624658331
729	0.000146448585734	0.00037037037037
730	0.000153384972603	0.000370116605099
731	0.000158586923393	0.000369863360728
732	0.000164795153005	0.000369610635477
733	0.000162998721692	0.000369358427577
734	0.000158837975477	0.000369106735263
735	0.000159381068027	0.000368855556782
736	0.000150998771739	0.000368604890387
737	0.000151179249661	0.000368354734342
738	0.000155967639566	0.000368105086916
739	0.000159809376184	0.000367855946389
740	0.000150166405405	0.000367607311047
741	0.000145082524966	0.000367359179185
742	0.000143415312668	0.000367111549107
743	0.000142650300135	0.000366864419124
744	0.000138470677419	0.000366617787553
745	0.000138108986577	0.000366371652724
746	0.00012828177748	0.000366126012969
747	0.000120148884873	0.000365880866632
748	0.000126104582888	0.000365636212064
749	0.000127682562083	0.000365392047621
750	0.000130041666667	0.00036514837167
751	0.000129441093209	0.000364905182584
752	0.000133167914894	0.000364662478745
753	0.000126301836653	0.00036442025854
754	0.000118511	0.000364178520365
755	0.000119102390729	0.000363937262623
756	0.000121762322751	0.000363696483727
757	0.000117963443857	0.000363456182092
758	0.00012110862533	0.000363216356146
759	0.000121382541502	0.00036297700432
760	0.000123299157895	0.000362738125055
761	0.000120444639947	0.000362499716797
762	0.000121576616798	0.000362261778001
763	0.000122612572739	0.000362024307128
764	0.000121793722513	0.000361787302646
765	0.000121360019608	0.000361550763031
766	0.00012152405483	0.000361314686765
767	0.000120304350717	0.000361079072337
768	0.000122404229167	0.000360843918244
769	0.000115395915475	0.000360609222987
770	0.00012350061039	0.000360374985078
771	0.000123524618677	0.000360141203033
772	0.00012222084456	0.000359907875374
773	0.000127379693402	0.000359675000633
774	0.000119220302326	0.000359442577345
775	0.000111460032258	0.000359210604054
776	0.000112183680412	0.000358979079309
777	0.00011748075547	0.000358748001667
778	0.000121277066838	0.000358517369691
779	0.000121547585366	0.00035828718195
780	0.000120211	0.00035805743702
781	0.000116728029449	0.000357828133482
782	0.000108895910486	0.000357599269926
783	0.000114562724138	0.000357370844946
784	0.000116123244898	0.000357142857143
785	0.000115451764331	0.000356915305124
786	0.000111825249364	0.000356688187503
787	0.000113842003812	0.0003564615029
788	0.000112167091371	0.00035623524994
789	0.000118654852978	0.000356009427254
790	0.000120185683544	0.000355784033482
791	0.000120362453856	0.000355559067267
792	0.000126061505051	0.000355334527259
793	0.000124256901639	0.000355110412114
794	0.000116431654912	0.000354886720494
795	0.000114530496855	0.000354663451066
796	0.000108694417085	0.000354440602504
797	0.000114081263488	0.000354218173488
798	0.000121211501253	0.000353996162702
799	0.000120149923655	0.000353774568839
800	0.000121461	0.000353553390593
801	0.000129492897628	0.000353332626669
802	0.00012271174813	0.000353112275773
803	0.000122332295143	0.00035289233662
804	0.000119094333333	0.000352672807929
805	0.000120806031056	0.000352453688425
806	0.00012568469727	0.000352234976838
807	0.000126706167286	0.000352016671904
808	0.000133786990099	0.000351798772365
809	0.00013331507911	0.000351581276967
810	0.000135192481481	0.000351364184463
811	0.000135342689273	0.00035114749361
812	0.000137591049261	0.000350931203172
813	0.000135865858549	0.000350715311916
814	0.000134593309582	0.000350499818616
815	0.000139106705521	0.000350284722052
816	0.000142838205882	0.000350070021007
817	0.000139902064871	0.000349855714271
818	0.000144806843521	0.000349641800638
819	0.000143426140415	0.000349428278907
820	0.000140415878049	0.000349215147885
821	0.000140202230207	0.00034900240638
822	0.000144092508516	0.000348790053208
823	0.000144905289186	0.000348578087188
824	0.000147623864078	0.000348366507146
825	0.000152864333333	0.000348155311911
826	0.000149306399516	0.00034794450032
827	0.000148634941959	0.00034773407121
828	0.000152898681159	0.000347524023428
829	0.000151843328106	0.000347314355824
830	0.000145202566265	0.00034710506725
831	0.0001427354284	0.000346896156568
832	0.000142805471154	0.000346687622641
833	0.000141273905162	0.000346479464338
834	0.000146798769784	0.000346271680532
835	0.000148334353293	0.000346064270103
836	0.000146957172249	0.000345857231933
837	0.000146168706093	0.00034565056491
838	0.000148448947494	0.000345444267927
839	0.000150652239571	0.00034523833988
840	0.000149347904762	0.000345032779671
841	0.000152285673008	0.000344827586207
842	0.000151851855107	0.000344622758398
843	0.00015035500949	0.000344418295159
844	0.000147495597156	0.000344214195411
845	0.000149621650888	0.000344010458077
846	0.00015239279669	0.000343807082086
847	0.000150365191263	0.000343604066372
848	0.000152136	0.000343401409872
849	0.000156664710247	0.000343199111527
850	0.000160618058824	0.000342997170285
851	0.000154102656874	0.000342795585096
852	0.000153541516432	0.000342594354914
853	0.000153291187573	0.000342393478699
854	0.000154943084309	0.000342192955415
855	0.000155611	0.000341992784028
856	0.000150146514019	0.000341792963512
857	0.000153630603267	0.000341593492843
858	0.000154938738928	0.000341394370999
859	0.000152129742724	0.000341195596967
860	0.000152058674419	0.000340997169735
861	0.000145410535424	0.000340799088295
862	0.000139803343387	0.000340601351645
863	0.00014499477752	0.000340403958785
864	0.000143096648148	0.00034020690872
865	0.000139799439306	0.000340010200459
866	0.000138002916859	0.000339813833015
867	0.000138716882353	0.000339617805406
868	0.000136907313364	0.000339422116651
869	0.000139123773303	0.000339226765776
870	0.000139816747126	0.00033903175181
871	0.000138858301952	0.000338837073786
872	0.000139281642202	0.000338642730739
873	0.000143391297824	0.000338448721711
874	0.000143188345538	0.000338255045746
875	0.000143710428571	0.000338061701891
876	0.000143776981735	0.0003378686892
877	0.000141587966933	0.000337676006727
878	0.000147440384966	0.000337483653531
879	0.000145879031854	0.000337291628677
880	0.000146720090909	0.000337099931232
881	0.000142754473326	0.000336908560265
882	0.000138579027211	0.000336717514851
883	0.000133573853907	0.000336526794068
884	0.000130634303167	0.000336336396998
885	0.000127490096045	0.000336146322726
886	0.000128106936795	0.000335956570342
887	0.000130210549042	0.000335767138937
888	0.000128524513514	0.000335578027607
889	0.000128885015748	0.000335389235453
890	0.000123368303371	0.000335200761577
891	0.000121975085297	0.000335012605086
892	0.000125118623318	0.000334824765091
893	0.0001260647514	0.000334637240705
894	0.000130352163311	0.000334450031045
895	0.000130576363128	0.000334263135232
896	0.000127830196429	0.000334076552391
897	0.000129270754738	0.000333890281647
898	0.000128227035635	0.000333704322133
899	0.000127937585095	0.000333518672983
900	0.000128061	0.000333333333333
901	0.000129373930078	0.000333148302326
902	0.000122972197339	0.000332963579106
903	0.000128993281285	0.00033277916282
904	0.000124231132743	0.000332595052619
905	0.00012828061326	0.000332411247657
906	0.000126284730684	0.000332227747093
907	0.000129459732084	0.000332044550085
908	0.000128102409692	0.0003318616558
909	0.000130191418042	0.000331679063403
910	0.000132511	0.000331496772066
911	0.000131927575192	0.000331314780961
912	0.00012075222807	0.000331133089266
913	0.000124024143483	0.000330951696161
914	0.000128241853392	0.000330770600828
915	0.000128883131148	0.000330589802454
916	0.000130175847162	0.000330409300228
917	0.000129700203926	0.000330229093342
918	0.000134772437908	0.000330049180992
919	0.000135726995647	0.000329869562377
920	0.000137155565217	0.000329690236698
921	0.000134996884908	0.000329511203159
922	0.0001389274859	0.000329332460969
923	0.000140666471289	0.000329154009338
924	0.000136891952381	0.00032897584748
925	0.000139310459459	0.000328797974611
926	0.000133116831533	0.00032862038995
927	0.000128357278317	0.000328443092721
928	0.000125340741379	0.000328266082149
929	0.000122723594187	0.000328089357462
930	0.000126427129032	0.000327912917892
931	0.00012314204189	0.000327736762672
932	0.000121603274678	0.00032756089104
933	0.000122797709539	0.000327385302236
934	0.000126887873662	0.000327209995502
935	0.000125420625668	0.000327034970084
936	0.00012904625641	0.00032686022523
937	0.000128971512273	0.000326685760192
938	0.000135153857143	0.000326511574224
939	0.000137772448349	0.000326337666582
940	0.000134464191489	0.000326164036527
941	0.000128721945802	0.000325990683319
942	0.000132456859873	0.000325817606226
943	0.000126074626723	0.000325644804513
944	0.000129730279661	0.000325472277452
945	0.00012312105291	0.000325300024316
946	0.000126456031712	0.000325128044381
947	0.000127412267159	0.000324956336926
948	0.000124897075949	0.000324784901231
949	0.000121707522655	0.000324613736581
950	0.000118447842105	0.000324442842262
951	0.000117216047319	0.000324272217563
952	0.000114874445378	0.000324101861776
953	0.00011679169255	0.000323931774196
954	0.000113602194969	0.000323761954119
955	0.000121488486911	0.000323592400845
956	0.000118027736402	0.000323423113677
957	0.000120242974922	0.000323254091918
958	0.000121286574113	0.000323085334876
959	0.000117999529718	0.00032291684186
960	0.000119222458333	0.000322748612184
961	0.000118334621228	0.000322580645161
962	0.000121321810811	0.00032241294011
963	0.000117534364486	0.000322245496349
964	0.000117085688797	0.0003220783132
965	0.000117945715026	0.00032191138999
966	0.000117691124224	0.000321744726044
967	0.000120934474664	0.000321578320692
968	0.000115790958678	0.000321412173267
969	0.000112908832817	0.000321246283102
970	0.000118261515464	0.000321080649534
971	0.000117049105046	0.000320915271903
972	0.000111487337449	0.00032075014955
973	0.000108185717369	0.000320585281819
974	0.000108175271047	0.000320420668056
975	0.000109908435897	0.00032025630761
976	0.000107644196721	0.000320092199832
977	0.000106883057318	0.000319928344075
978	0.00010114903681	0.000319764739696
979	0.000104782195097	0.00031960138605
980	0.000110815081633	0.0003194382825
981	0.000111111917431	0.000319275428407
982	0.000108284930754	0.000319112823136
983	0.000109281600203	0.000318950466055
984	0.000113749821138	0.000318788356532
985	0.00011188206599	0.000318626493939
986	0.000112787876268	0.000318464877649
987	0.000119367636271	0.00031830350704
988	0.000121694198381	0.000318142381488
989	0.000120581273003	0.000317981500374
990	0.000118350393939	0.000317820863082
991	0.000121165389506	0.000317660468995
992	0.000122267048387	0.0003175003175
993	0.000120525602215	0.000317340407988
994	0.000117875185111	0.000317180739848
995	0.000118548688442	0.000317021312474
996	0.000119412606426	0.000316862125262
997	0.000117023036108	0.00031670317761
998	0.000121524026052	0.000316544468916
999	0.000122085074074	0.000316385998584
1000	0.000127367	0.000316227766017
1001	0.000120045965035	0.000316069770621
1002	0.000120542936128	0.000315912011803
1003	0.000123818577268	0.000315754488975
1004	0.000123461199203	0.000315597201549
1005	0.000127700552239	0.000315440148938
1006	0.000121705831014	0.00031528333056
1007	0.000115172866931	0.000315126745832
1008	0.000121470325397	0.000314970394174
1009	0.000122150742319	0.00031481427501
1010	0.000116942683168	0.000314658387764
1011	0.000116554026706	0.000314502731861
1012	0.000110511	0.000314347306731
1013	0.000110750387957	0.000314192111803
1014	0.000102888712032	0.000314037146511
1015	0.000103218881773	0.000313882410287
1016	0.000105232456693	0.000313727902569
1017	0.000105851707965	0.000313573622795
1018	9.95424341847e-05	0.000313419570404
1019	9.58039342492e-05	0.000313265744838
1020	9.65590392157e-05	0.000313112145543
1021	9.83214799216e-05	0.000312958771962
1022	9.99542485323e-05	0.000312805623545
1023	9.71625151515e-05	0.00031265269974
1024	9.7759046875e-05	0.0003125
1025	9.88431951219e-05	0.000312347523777
1026	0.000100710805068	0.000312195270527
1027	0.00010606942259	0.000312043239707
1028	9.94069143969e-05	0.000311891430776
1029	0.000103911874636	0.000311739843194
1030	0.000101002262136	0.000311588476425
1031	9.81283617846e-05	0.000311437329932
1032	9.5393751938e-05	0.000311286403182
1033	9.89964791868e-05	0.000311135695644
1034	9.39539400387e-05	0.000310985206786
1035	9.69684879227e-05	0.00031083493608
1036	9.29936254826e-05	0.000310684883001
1037	9.14912314368e-05	0.000310535047022
1038	9.37383603083e-05	0.000310385427622
1039	9.77289980751e-05	0.000310236024279
1040	9.86763846154e-05	0.000310086836473
1041	0.000100538377522	0.000309937863687
1042	9.77202130518e-05	0.000309789105404
1043	9.5722409396e-05	0.000309640561111
1044	9.22552528735e-05	0.000309492230295
1045	9.44186555024e-05	0.000309344112445
1046	9.39995277246e-05	0.000309196207052
1047	9.38925663801e-05	0.000309048513608
1048	9.5331610687e-05	0.000308901031608
1049	9.9973821735e-05	0.000308753760547
1050	9.80576666667e-05	0.000308606699924
1051	0.000104555243578	0.000308459849238
1052	0.000104257197719	0.000308313207989
1053	0.00010527405793	0.000308166775681
1054	0.000107152366224	0.000308020551817
1055	0.000107450810427	0.000307874535904
1056	0.000105924825758	0.000307728727448
1057	0.00010827779281	0.00030758312596
1058	0.000108117805293	0.000307437730951
1059	0.000102669168083	0.000307292541932
1060	9.53562830188e-05	0.000307147558417
1061	8.90100574929e-05	0.000307002779923
1062	8.56503596987e-05	0.000306858205966
1063	8.56591655691e-05	0.000306713836066
1064	8.87976541353e-05	0.000306569669742
1065	8.91405774648e-05	0.000306425706518
1066	8.58740393996e-05	0.000306281945916
1067	8.0721402999e-05	0.000306138387461
1068	8.45709250936e-05	0.000305995030681
1069	7.69455182413e-05	0.000305851875103
1070	7.18717476635e-05	0.000305708920258
1071	6.8081961718e-05	0.000305566165676
1072	6.74671567164e-05	0.000305423610891
1073	7.24126775396e-05	0.000305281255436
1074	7.45175176909e-05	0.000305139098849
1075	7.33747209302e-05	0.000304997140665
1076	6.95017063197e-05	0.000304855380425
1077	6.35421049211e-05	0.000304713817668
1078	5.91594230056e-05	0.000304572451937
1079	6.23372279889e-05	0.000304431282774
1080	6.21934074074e-05	0.000304290309725
1081	6.8485560592e-05	0.000304149532336
1082	7.19721829944e-05	0.000304008950155
1083	7.1172588181e-05	0.000303868562731
1084	7.38366457564e-05	0.000303728369615
1085	7.35888801843e-05	0.000303588370359
1086	7.26960828729e-05	0.000303448564517
1087	6.81232355106e-05	0.000303308951644
1088	7.24779117647e-05	0.000303169531295
1089	6.9140476584e-05	0.00030303030303
1090	7.22247614679e-05	0.000302891266408
1091	7.18927598533e-05	0.000302752420988
1092	7.24789487179e-05	0.000302613766334
1093	7.28545498627e-05	0.000302475302009
1094	7.36718775137e-05	0.000302337027578
1095	7.09826894977e-05	0.000302198942608
1096	7.40666569343e-05	0.000302061046665
1097	7.39262233364e-05	0.00030192333932
1098	7.31057176685e-05	0.000301785820142
1099	7.29937115559e-05	0.000301648488703
1100	7.3241e-05	0.000301511344578
1101	7.48402461399e-05	0.000301374387339
1102	7.03830508167e-05	0.000301237616564
1103	7.10200661831e-05	0.00030110103183
1104	7.17365434782e-05	0.000300964632714
1105	7.46164298642e-05	0.000300828418798
1106	7.7545358047e-05	0.000300692389662
1107	7.75557154471e-05	0.000300556544889
1108	7.68810361011e-05	0.000300420884063
1109	7.58991875563e-05	0.000300285406769
1110	7.58875765766e-05	0.000300150112594
1111	7.3216220522e-05	0.000300015001125
1112	7.32268273381e-05	0.000299880071952
1113	7.50676037736e-05	0.000299745324665
1114	7.18251831239e-05	0.000299610758856
1115	7.3410103139e-05	0.000299476374118
1116	7.66803548387e-05	0.000299342170045
1117	7.5199003581e-05	0.000299208146232
1118	7.54430214669e-05	0.000299074302277
1119	7.50422779267e-05	0.000298940637778
1120	7.86779642857e-05	0.000298807152334
1121	8.36345504014e-05	0.000298673845545
1122	8.40680409982e-05	0.000298540717013
1123	7.98809910953e-05	0.000298407766342
1124	8.37120676157e-05	0.000298274993136
1125	8.3275e-05	0.000298142397
1126	7.75740550622e-05	0.000298009977541
1127	7.99852679681e-05	0.000297877734367
1128	8.27751843972e-05	0.000297745667088
1129	8.03130372011e-05	0.000297613775313
1130	7.86835663717e-05	0.000297482058654
1131	8.13832369584e-05	0.000297350516725
1132	8.08201872792e-05	0.000297219149139
1133	8.05317413945e-05	0.000297087955511
1134	8.01653209877e-05	0.000296956935458
1135	7.7892938326e-05	0.000296826088598
1136	7.45400492958e-05	0.000296695414548
1137	7.49265672823e-05	0.00029656491293
1138	7.71322653779e-05	0.000296434583364
1139	7.69144240562e-05	0.000296304425473
1140	8.0809245614e-05	0.00029617443888
1141	8.02134539877e-05	0.000296044623209
1142	8.33043450088e-05	0.000295914978086
1143	7.7541183727e-05	0.000295785503139
1144	8.2038972028e-05	0.000295656197995
1145	8.13839257642e-05	0.000295527062283
1146	8.03225183246e-05	0.000295398095634
1147	8.30258212729e-05	0.000295269297679
1148	8.44291184669e-05	0.00029514066805
1149	8.11284934726e-05	0.000295012206383
1150	8.10883913043e-05	0.00029488391231
1151	7.81152571677e-05	0.000294755785468
1152	7.80457222222e-05	0.000294627825494
1153	8.11237493495e-05	0.000294500032027
1154	7.86158526863e-05	0.000294372404705
1155	8.02967142857e-05	0.000294244943168
1156	7.72436989619e-05	0.000294117647059
1157	7.82685626621e-05	0.000293990516019
1158	8.12959740933e-05	0.000293863549692
1159	7.9868635893e-05	0.000293736747723
1160	8.1336862069e-05	0.000293610109757
1161	8.00351171404e-05	0.000293483635442
1162	7.73758881239e-05	0.000293357324424
1163	8.02122037833e-05	0.000293231176354
1164	8.02541271478e-05	0.00029310519088
1165	8.00564935622e-05	0.000292979367655
1166	8.17065403087e-05	0.000292853706329
1167	8.13606143959e-05	0.000292728206556
1168	8.4738739726e-05	0.00029260286799
1169	8.88356364414e-05	0.000292477690287
1170	8.92255299145e-05	0.000292352673102
1171	8.95139888984e-05	0.000292227816093
1172	9.1330112628e-05	0.000292103118918
1173	8.97842310315e-05	0.000291978581237
1174	8.98321243611e-05	0.000291854202709
1175	9.10544042553e-05	0.000291729982996
1176	9.23681428571e-05	0.00029160592176
1177	8.54935828377e-05	0.000291482018665
1178	7.97300152801e-05	0.000291358273374
1179	7.90576497031e-05	0.000291234685554
1180	8.10694745763e-05	0.00029111125487
1181	8.38297976291e-05	0.00029098798099
1182	8.63798663282e-05	0.000290864863582
1183	8.62840346576e-05	0.000290741902315
1184	8.51562702703e-05	0.00029061909686
1185	8.69249240506e-05	0.000290496446887
1186	8.94494485666e-05	0.00029037395207
1187	9.05981946082e-05	0.00029025161208
1188	8.87963535353e-05	0.000290129426593
1189	8.80681909167e-05	0.000290007395283
1190	8.34849495798e-05	0.000289885517826
1191	8.24501267842e-05	0.0002897637939
1192	8.00789530201e-05	0.000289642223182
1193	8.31015280805e-05	0.000289520805351
1194	7.68066448911e-05	0.000289399540087
1195	7.69323389121e-05	0.00028927842707
1196	8.02217023411e-05	0.000289157465983
1197	7.89608746867e-05	0.000289036656508
1198	8.36971435726e-05	0.000288915998328
1199	8.3081058382e-05	0.000288795491129
1200	8.21576666667e-05	0.000288675134595
1201	8.06338143214e-05	0.000288554928412
1202	8.18412828619e-05	0.000288434872269
1203	8.23734272652e-05	0.000288314965852
1204	7.574189701e-05	0.000288195208852
1205	7.59977219917e-05	0.000288075600958
1206	7.61503034826e-05	0.00028795614186
1207	7.85346122618e-05	0.000287836831252
1208	7.82196092715e-05	0.000287717668824
1209	7.82905698925e-05	0.000287598654272
1210	8.17506694215e-05	0.000287479787288
1211	8.05865573906e-05	0.000287361067569
1212	7.89565445545e-05	0.000287242494811
1213	7.24767873042e-05	0.00028712406871
1214	7.3392383855e-05	0.000287005788965
1215	7.41245802469e-05	0.000286887655275
1216	7.74419210526e-05	0.000286769667338
1217	8.17308027938e-05	0.000286651824856
1218	8.36530361248e-05	0.000286534127531
1219	8.39995151764e-05	0.000286416575063
1220	8.49142786885e-05	0.000286299167157
1221	8.5422957412e-05	0.000286181903516
1222	8.88776121113e-05	0.000286064783845
1223	8.42334039248e-05	0.00028594780785
1224	8.59203137255e-05	0.000285830975238
1225	8.41979387755e-05	0.000285714285714
1226	8.67361223491e-05	0.000285597738989
1227	8.67167864711e-05	0.00028548133477
1228	8.76600228013e-05	0.000285365072768
1229	8.7276256306e-05	0.000285248952693
1230	7.7904495935e-05	0.000285132974256
1231	7.55040950447e-05	0.000285017137171
1232	7.40897337662e-05	0.000284901441149
1233	6.98828572587e-05	0.000284785885906
1234	6.99088930308e-05	0.000284670471155
1235	7.37583684211e-05	0.000284555196612
1236	7.50789611651e-05	0.000284440061994
1237	7.41726814875e-05	0.000284325067018
1238	7.2335717286e-05	0.000284210211402
1239	6.8790661017e-05	0.000284095494864
1240	6.94997096774e-05	0.000283980917124
1241	7.16878734891e-05	0.000283866477902
1242	7.30391803543e-05	0.00028375217692
1243	6.95403644409e-05	0.000283638013899
1244	7.09169485531e-05	0.000283523988562
1245	6.92262610442e-05	0.000283410100633
1246	6.99211123596e-05	0.000283296349835
1247	6.88498131516e-05	0.000283182735894
1248	6.90182115385e-05	0.000283069258536
1249	7.14089183347e-05	0.000282955917487
1250	7.47878e-05	0.000282842712475
1251	7.71069232614e-05	0.000282729643227
1252	7.49918306709e-05	0.000282616709472
1253	6.87053335994e-05	0.000282503910941
1254	6.91569330144e-05	0.000282391247362
1255	6.6411e-05	0.000282278718469
1256	6.85468280255e-05	0.000282166323992
1257	6.92480723946e-05	0.000282054063663
1258	6.92431144674e-05	0.000281941937217
1259	6.56376878475e-05	0.000281829944388
1260	6.39205238095e-05	0.00028171808491
1261	6.61156788263e-05	0.000281606358518
1262	6.29602868463e-05	0.00028149476495
1263	6.10616730008e-05	0.000281383303942
1264	5.42364746836e-05	0.000281271975232
1265	5.44940039526e-05	0.000281160778558
1266	5.68719794629e-05	0.00028104971366
1267	5.14016866614e-05	0.000280938780277
1268	5.24999589906e-05	0.000280827978151
1269	5.06225051222e-05	0.000280717307022
1270	5.25417086614e-05	0.000280606766633
1271	4.8536570417e-05	0.000280496356727
1272	5.07696477988e-05	0.000280386077046
1273	4.78782427337e-05	0.000280275927336
1274	5.19937315542e-05	0.00028016590734
1275	5.16188431373e-05	0.000280056016806
1276	5.18879592477e-05	0.000279946255478
1277	5.19413054033e-05	0.000279836623104
1278	5.03216416275e-05	0.000279727119432
1279	5.13542369038e-05	0.00027961774421
1280	5.042271875e-05	0.000279508497187
1281	4.98330140515e-05	0.000279399378114
1282	4.66030436818e-05	0.000279290386739
1283	4.89774848013e-05	0.000279181522815
1284	5.24284454829e-05	0.000279072786093
1285	4.73604163424e-05	0.000278964176326
1286	4.62831617418e-05	0.000278855693267
1287	4.52806192696e-05	0.000278747336669
1288	4.51981118013e-05	0.000278639106288
1289	4.43756237393e-05	0.000278531001878
1290	4.2538131783e-05	0.000278423023195
1291	4.30474058869e-05	0.000278315169996
1292	4.33693591331e-05	0.000278207442037
1293	4.30365220418e-05	0.000278099839078
1294	4.53603044822e-05	0.000277992360875
1295	4.35206525097e-05	0.000277885007188
1296	4.24554444445e-05	0.000277777777778
1297	4.3511385505e-05	0.000277670672404
1298	4.05256379045e-05	0.000277563690827
1299	4.1258113164e-05	0.000277456832809
1300	4.14733076923e-05	0.000277350098113
1301	4.13299853959e-05	0.000277243486501
1302	3.64595407066e-05	0.000277136997737
1303	3.81844458941e-05	0.000277030631585
1304	3.66889141104e-05	0.000276924387811
1305	3.53366704981e-05	0.000276818266179
1306	3.87636799387e-05	0.000276712266456
1307	3.74891943382e-05	0.000276606388409
1308	4.12533547401e-05	0.000276500631805
1309	3.84174171123e-05	0.000276394996411
1310	4.09491679389e-05	0.000276289481998
1311	4.18546308162e-05	0.000276184088333
1312	4.51573414634e-05	0.000276078815187
1313	4.87718530084e-05	0.00027597366233
1314	4.81852770167e-05	0.000275868629534
1315	5.09509239544e-05	0.00027576371657
1316	4.84920030395e-05	0.00027565892321
1317	4.8481007593e-05	0.000275554249227
1318	5.16817132018e-05	0.000275449694396
1319	5.04537596664e-05	0.000275345258489
1320	4.56564545455e-05	0.000275240941282
1321	4.16605079485e-05	0.000275136742549
1322	4.35526036309e-05	0.000275032662068
1323	4.12513628118e-05	0.000274928699614
1324	4.4257223565e-05	0.000274824854965
1325	3.96600566038e-05	0.000274721127897
1326	4.4708586727e-05	0.000274617518191
1327	4.60788221552e-05	0.000274514025623
1328	4.4401060241e-05	0.000274410649974
1329	4.57702174567e-05	0.000274307391024
1330	4.46237819549e-05	0.000274204248554
1331	3.95714808415e-05	0.000274101222343
1332	3.77542432433e-05	0.000273998312176
1333	3.46231530383e-05	0.000273895517832
1334	3.55334887556e-05	0.000273792839097
1335	3.76139962547e-05	0.000273690275752
1336	3.81704311377e-05	0.000273587827582
1337	3.84111495886e-05	0.000273485494372
1338	3.83017324365e-05	0.000273383275907
1339	3.27048013443e-05	0.000273281171972
1340	3.24804029851e-05	0.000273179182354
1341	3.41295682327e-05	0.00027307730684
1342	3.57874530552e-05	0.000272975545216
1343	3.18792055101e-05	0.000272873897272
1344	3.2485702381e-05	0.000272772362795
1345	3.04020780669e-05	0.000272670941575
1346	3.41959925706e-05	0.0002725696334
1347	3.21802650334e-05	0.000272468438062
1348	3.23648575668e-05	0.000272367355351
1349	3.23601475167e-05	0.000272266385059
1350	3.46080370371e-05	0.000272165526976
1351	3.26594085862e-05	0.000272064780895
1352	3.14473905326e-05	0.00027196414661
1353	3.13576371027e-05	0.000271863623914
1354	3.29629940916e-05	0.000271763212599
1355	3.11342472325e-05	0.000271662912462
1356	3.54962507375e-05	0.000271562723297
1357	3.59572048637e-05	0.000271462644899
1358	3.4393179676e-05	0.000271362677065
1359	3.01287336277e-05	0.00027126281959
1360	2.88426176471e-05	0.000271163072273
1361	2.89632409993e-05	0.000271063434911
1362	3.01505007342e-05	0.000270963907302
1363	2.95091658107e-05	0.000270864489244
1364	3.20051348974e-05	0.000270765180537
1365	2.91545897436e-05	0.00027066598098
1366	2.54714685212e-05	0.000270566890374
1367	2.37081470373e-05	0.00027046790852
1368	2.48794210526e-05	0.000270369035218
1369	2.52798093499e-05	0.00027027027027
1370	2.83927518248e-05	0.000270171613479
1371	3.10058942378e-05	0.000270073064647
1372	2.87420495627e-05	0.000269974623578
1373	2.72600895849e-05	0.000269876290075
1374	2.54411310044e-05	0.000269778063943
1375	2.8907e-05	0.000269679944985
1376	3.23285872093e-05	0.000269581933009
1377	3.5509184459e-05	0.000269484027818
1378	3.73535253992e-05	0.00026938622922
1379	4.17521167513e-05	0.000269288537021
1380	4.40863623189e-05	0.000269190951029
1381	3.89255546706e-05	0.000269093471051
1382	3.82092633864e-05	0.000268996096895
1383	3.95344996385e-05	0.00026889882837
1384	3.86172138729e-05	0.000268801665285
1385	3.69785090253e-05	0.00026870460745
1386	3.47159062049e-05	0.000268607654675
1387	3.48047995674e-05	0.000268510806771
1388	3.51680605188e-05	0.000268414063548
1389	3.54408056156e-05	0.000268317424818
1390	3.43879784173e-05	0.000268220890393
1391	3.56673623293e-05	0.000268124460086
1392	3.65282413793e-05	0.000268028133709
1393	3.72407200287e-05	0.000267931911077
1394	3.56881879484e-05	0.000267835792003
1395	3.46332222222e-05	0.000267739776301
1396	3.50403696275e-05	0.000267643863786
1397	3.66781438798e-05	0.000267548054274
1398	3.83028454936e-05	0.00026745234758
1399	3.56972044318e-05	0.000267356743521
1400	3.92867142857e-05	0.000267261241912
1401	3.42172812277e-05	0.000267165842573
1402	3.36450941512e-05	0.000267070545319
1403	3.32034447613e-05	0.000266975349969
1404	3.2709005698e-05	0.000266880256342
1405	3.06821743772e-05	0.000266785264256
1406	3.09917965861e-05	0.000266690373531
1407	3.16065934613e-05	0.000266595583987
1408	3.10486420455e-05	0.000266500895445
1409	2.63154712562e-05	0.000266406307724
1410	2.77436241135e-05	0.000266311820646
1411	3.12023536499e-05	0.000266217434033
1412	2.87425864023e-05	0.000266123147706
1413	2.99543828733e-05	0.000266028961489
1414	3.15520183876e-05	0.000265934875205
1415	3.27325547703e-05	0.000265840888676
1416	3.03153785311e-05	0.000265747001726
1417	2.83151637262e-05	0.000265653214181
1418	2.87458377997e-05	0.000265559525864
1419	3.06086039465e-05	0.000265465936601
1420	2.8122971831e-05	0.000265372446217
1421	2.70314081633e-05	0.000265279054539
1422	2.29976385373e-05	0.000265185761392
1423	2.46603323964e-05	0.000265092566604
1424	2.34653539326e-05	0.000264999470002
1425	2.49141578948e-05	0.000264906471413
1426	2.80671009818e-05	0.000264813570666
1427	2.21840903995e-05	0.00026472076759
1428	2.39395714286e-05	0.000264628062012
1429	2.45071511547e-05	0.000264535453764
1430	2.64172937063e-05	0.000264442942674
1431	2.49844451433e-05	0.000264350528573
1432	2.42505251397e-05	0.000264258211291
1433	2.60382156316e-05	0.000264165990659
1434	2.30193682009e-05	0.00026407386651
1435	2.53141358885e-05	0.000263981838674
1436	2.43543147632e-05	0.000263889906985
1437	2.41745351427e-05	0.000263798071274
1438	2.66236564673e-05	0.000263706331375
1439	2.50916115358e-05	0.000263614687121
1440	2.99005833333e-05	0.000263523138347
1441	2.83121797363e-05	0.000263431684887
1442	2.71053134536e-05	0.000263340326575
1443	2.88696278586e-05	0.000263249063246
1444	2.91197257618e-05	0.000263157894737
1445	2.81604809689e-05	0.000263066820882
1446	2.75953706778e-05	0.000262975841519
1447	2.69356717346e-05	0.000262884956484
1448	2.50634861879e-05	0.000262794165614
1449	2.78439882678e-05	0.000262703468746
1450	2.73565172414e-05	0.000262612865719
1451	2.79641357685e-05	0.000262522356371
1452	2.98718815427e-05	0.000262431940541
1453	2.94886324845e-05	0.000262341618067
1454	2.78376850069e-05	0.000262251388789
1455	2.96982852234e-05	0.000262161252547
1456	2.03111373627e-05	0.00026207120918
1457	1.80844385724e-05	0.000261981258531
1458	1.43052386831e-05	0.000261891400439
1459	1.62714523647e-05	0.000261801634747
1460	1.6355520548e-05	0.000261711961295
1461	1.77837583847e-05	0.000261622379926
1462	1.91101792066e-05	0.000261532890483
1463	2.1034923445e-05	0.000261443492808
1464	2.07459726776e-05	0.000261354186745
1465	2.24615119454e-05	0.000261264972137
1466	2.22258703957e-05	0.000261175848828
1467	2.34036380368e-05	0.000261086816663
1468	2.38461498638e-05	0.000260997875486
1469	2.27339407761e-05	0.000260909025143
1470	2.35286870749e-05	0.000260820265479
1471	2.14787090415e-05	0.000260731596339
1472	2.16326032609e-05	0.000260643017571
1473	2.22655824847e-05	0.000260554529021
1474	2.38088290367e-05	0.000260466130535
1475	2.66835423729e-05	0.000260377821962
1476	2.97291571816e-05	0.000260289603148
1477	2.89622525389e-05	0.000260201473941
1478	2.75346806495e-05	0.000260113434191
1479	2.94971392833e-05	0.000260025483746
1480	2.81731621622e-05	0.000259937622455
1481	2.92810877785e-05	0.000259849850167
1482	3.09259797571e-05	0.000259762166733
1483	3.28309595415e-05	0.000259674572002
1484	3.19584393531e-05	0.000259587065826
1485	3.17126835017e-05	0.000259499648054
1486	3.27687388964e-05	0.000259412318538
1487	3.47372945528e-05	0.000259325077131
1488	3.77200053764e-05	0.000259237923683
1489	3.89203351243e-05	0.000259150858047
1490	3.95606644295e-05	0.000259063880075
1491	4.17004701543e-05	0.000258976989622
1492	4.24138150134e-05	0.000258890186539
1493	4.57203101139e-05	0.000258803470681
1494	4.77278674699e-05	0.000258716841902
1495	4.87300635452e-05	0.000258630300056
1496	4.81888074866e-05	0.000258543844998
1497	4.79936319305e-05	0.000258457476582
1498	4.98915073431e-05	0.000258371194664
1499	5.05793789193e-05	0.000258284999101
1500	5.08336666667e-05	0.000258198889747
1501	5.34560366423e-05	0.00025811286646
1502	5.56627976032e-05	0.000258026929096
1503	5.4388245509e-05	0.000257941077511
1504	5.52064787234e-05	0.000257855311565
1505	5.67053521595e-05	0.000257769631113
1506	5.65959933599e-05	0.000257684036015
1507	5.82266602522e-05	0.000257598526128
1508	6.07132546419e-05	0.000257513101312
1509	6.24901252485e-05	0.000257427761426
1510	6.39401390729e-05	0.000257342506327
1511	6.2598028458e-05	0.000257257335878
1512	6.46049153439e-05	0.000257172249937
1513	6.46316212822e-05	0.000257087248365
1514	6.70070369881e-05	0.000257002331022
1515	6.58433432343e-05	0.000256917497769
1516	6.64654854881e-05	0.000256832748469
1517	6.18158780488e-05	0.000256748082982
1518	6.27448603426e-05	0.00025666350117
1519	6.40307498354e-05	0.000256579002895
1520	6.37465263158e-05	0.000256494588021
1521	6.05047541092e-05	0.00025641025641
1522	6.08040354797e-05	0.000256326007926
1523	6.4729319107e-05	0.000256241842431
1524	6.51553569554e-05	0.000256157759789
1525	6.58601803279e-05	0.000256073759866
1526	6.44474351245e-05	0.000255989842525
1527	6.56043202358e-05	0.00025590600763
1528	6.37472565445e-05	0.000255822255048
1529	6.50574355788e-05	0.000255738584644
1530	6.86247254902e-05	0.000255654996282
1531	6.50684787721e-05	0.00025557148983
1532	6.75488590079e-05	0.000255488065154
1533	6.91584233529e-05	0.000255404722119
1534	6.60338161669e-05	0.000255321460594
1535	6.7556276873e-05	0.000255238280445
1536	6.89471979167e-05	0.00025515518154
1537	7.05380006506e-05	0.000255072163746
1538	7.24420793238e-05	0.000254989226933
1539	7.14262046784e-05	0.000254906370967
1540	7.09252857143e-05	0.000254823595719
1541	7.10804354316e-05	0.000254740901056
1542	7.30628806745e-05	0.000254658286849
1543	7.72585696695e-05	0.000254575752967
1544	7.74520621762e-05	0.00025449329928
1545	7.93624563107e-05	0.000254410925657
1546	8.02393311773e-05	0.000254328631971
1547	8.06755119587e-05	0.00025424641809
1548	8.13100956073e-05	0.000254164283888
1549	8.00206836669e-05	0.000254082229234
1550	8.04090645162e-05	0.000254000254
1551	8.2432663443e-05	0.00025391835806
1552	8.22126752578e-05	0.000253836541283
1553	8.2402500322e-05	0.000253754803545
1554	8.19678854569e-05	0.000253673144716
1555	8.39138938907e-05	0.00025359156467
1556	8.3555344473e-05	0.000253510063282
1557	8.20822909442e-05	0.000253428640423
1558	8.0698419769e-05	0.000253347295969
1559	8.17807241822e-05	0.000253266029793
1560	8.52033076923e-05	0.000253184841771
1561	8.81359199232e-05	0.000253103731776
1562	8.70711792574e-05	0.000253022699685
1563	8.47883512476e-05	0.000252941745371
1564	8.66638132993e-05	0.000252860868712
1565	8.64563674122e-05	0.000252780069583
1566	8.38366704981e-05	0.00025269934786
1567	8.29656904914e-05	0.000252618703419
1568	8.15205663266e-05	0.000252538136138
1569	7.94291007011e-05	0.000252457645893
1570	8.09103630574e-05	0.000252377232563
1571	8.16112546149e-05	0.000252296896023
1572	8.3024994911e-05	0.000252216636153
1573	7.71584888748e-05	0.00025213645283
1574	7.71126518425e-05	0.000252056345932
1575	7.80490952381e-05	0.000251976315339
1576	7.97070659899e-05	0.00025189636093
1577	8.14523443247e-05	0.000251816482583
1578	7.98614435995e-05	0.000251736680178
1579	8.23346225459e-05	0.000251656953595
1580	7.94363164557e-05	0.000251577302713
1581	8.00034098672e-05	0.000251497727414
1582	8.03314804046e-05	0.000251418227577
1583	7.67640006317e-05	0.000251338803084
1584	7.78253939394e-05	0.000251259453815
1585	7.66387602524e-05	0.000251180179652
1586	7.19139003783e-05	0.000251100980476
1587	7.11943648393e-05	0.000251021856169
1588	7.07471460957e-05	0.000250942806614
1589	6.60235865324e-05	0.000250863831693
1590	6.76789245283e-05	0.000250784931288
1591	7.00380270271e-05	0.000250706105282
1592	7.05882613066e-05	0.000250627353559
1593	7.18082379159e-05	0.000250548676001
1594	6.83999585948e-05	0.000250470072493
1595	6.67056708464e-05	0.000250391542918
1596	6.73405739349e-05	0.000250313087161
1597	6.55069298685e-05	0.000250234705106
1598	6.79352803505e-05	0.000250156396637
1599	6.80009937461e-05	0.00025007816164
1600	6.7261625e-05	0.00025
1601	6.80778332293e-05	0.000249921911602
1602	6.97288526842e-05	0.000249843896332
1603	7.01937822832e-05	0.000249765954076
1604	7.21662369077e-05	0.000249688084719
1605	7.13150498443e-05	0.00024961028815
1606	7.21268156912e-05	0.000249532564253
1607	6.98896558805e-05	0.000249454912916
1608	6.71011741294e-05	0.000249377334027
1609	6.71477308888e-05	0.000249299827472
1610	6.38842919255e-05	0.00024922239314
1611	6.25677970205e-05	0.000249145030917
1612	6.20767568238e-05	0.000249067740693
1613	6.19459039058e-05	0.000248990522356
1614	6.19347918216e-05	0.000248913375794
1615	6.01534148607e-05	0.000248836300897
1616	6.21954059406e-05	0.000248759297552
1617	6.36652980829e-05	0.000248682365651
1618	6.03305302843e-05	0.000248605505082
1619	5.87515806053e-05	0.000248528715735
1620	5.6623962963e-05	0.0002484519975
1621	5.69801548427e-05	0.000248375350268
1622	5.73735154131e-05	0.000248298773929
1623	5.49746475662e-05	0.000248222268373
1624	5.61569359606e-05	0.000248145833493
1625	5.40891538462e-05	0.000248069469178
1626	4.83474083641e-05	0.000247993175322
1627	4.71025795944e-05	0.000247916951814
1628	4.83003120393e-05	0.000247840798548
1629	4.83909877225e-05	0.000247764715416
1630	4.62177484663e-05	0.000247688702309
1631	4.51857394237e-05	0.000247612759121
1632	4.24491127451e-05	0.000247536885744
1633	4.28805652174e-05	0.000247461082072
1634	4.27178543452e-05	0.000247385347998
1635	4.38776666667e-05	0.000247309683415
1636	4.13080660147e-05	0.000247234088217
1637	4.35956059866e-05	0.000247158562299
1638	4.54371294261e-05	0.000247083105554
1639	4.54527327639e-05	0.000247007717877
1640	4.79427073171e-05	0.000246932399162
1641	4.675627727e-05	0.000246857149306
1642	4.94525347138e-05	0.000246781968202
1643	4.4794931832e-05	0.000246706855746
1644	4.49982262774e-05	0.000246631811833
1645	4.5128325228e-05	0.000246556836361
1646	4.57035880924e-05	0.000246481929224
1647	4.65331615058e-05	0.000246407090318
1648	4.49375776699e-05	0.000246332319541
1649	4.25252510613e-05	0.000246257616789
1650	3.76085757576e-05	0.000246182981959
1651	3.9138195639e-05	0.000246108414947
1652	4.03015569007e-05	0.000246033915653
1653	4.08948475499e-05	0.000245959483972
1654	3.40243010883e-05	0.000245885119802
1655	3.39813927493e-05	0.000245810823043
1656	3.51058067633e-05	0.000245736593591
1657	3.62892136391e-05	0.000245662431346
1658	3.64277671894e-05	0.000245588336206
1659	3.60971965039e-05	0.00024551430807
1660	3.83573855422e-05	0.000245440346837
1661	3.77316502107e-05	0.000245366452406
1662	4.02480637786e-05	0.000245292624677
1663	4.0232888154e-05	0.000245218863549
1664	3.70747019231e-05	0.000245145168923
1665	3.65395285285e-05	0.000245071540698
1666	3.66166422569e-05	0.000244997978775
1667	3.98220377925e-05	0.000244924483055
1668	3.93107601919e-05	0.000244851053437
1669	3.82932049131e-05	0.000244777689824
1670	3.52726766467e-05	0.000244704392116
1671	3.82785044883e-05	0.000244631160215
1672	3.08064545455e-05	0.000244557994022
1673	2.97569653317e-05	0.00024448489344
1674	3.10802951016e-05	0.000244411858369
1675	2.95912985075e-05	0.000244338888713
1676	2.75366563246e-05	0.000244265984373
1677	2.65160685748e-05	0.000244193145253
1678	2.68858510131e-05	0.000244120371255
1679	2.63076051221e-05	0.000244047662282
1680	2.62407619048e-05	0.000243975018237
1681	2.3250738251e-05	0.000243902439024
1682	1.93029143876e-05	0.000243829924547
1683	2.29753493761e-05	0.000243757474709
1684	2.62734703088e-05	0.000243685089414
1685	2.67059554896e-05	0.000243612768567
1686	2.44979513642e-05	0.000243540512072
1687	2.58758488441e-05	0.000243468319833
1688	2.23024691943e-05	0.000243396191756
1689	2.39713315571e-05	0.000243324127745
1690	2.5835260355e-05	0.000243252127705
1691	2.71180372561e-05	0.000243180191543
1692	1.94253026005e-05	0.000243108319163
1693	1.78686491435e-05	0.000243036510472
1694	1.67205631641e-05	0.000242964765375
1695	1.96092300885e-05	0.000242893083779
1696	2.3394254717e-05	0.000242821465589
1697	2.57299157337e-05	0.000242749910714
1698	2.95322014134e-05	0.000242678419058
1699	2.97061147734e-05	0.00024260699053
1700	2.64033529412e-05	0.000242535625036
1701	2.61021228689e-05	0.000242464322484
1702	2.36238084606e-05	0.000242393082782
1703	2.67373652378e-05	0.000242321905836
1704	2.21682769953e-05	0.000242250791556
1705	2.00215571847e-05	0.000242179739848
1706	2.08668030481e-05	0.000242108750622
1707	2.34292776801e-05	0.000242037823786
1708	2.15912107728e-05	0.000241966959248
1709	2.36265646577e-05	0.000241896156917
1710	2.38279590643e-05	0.000241825416703
1711	2.23084868498e-05	0.000241754738515
1712	2.31383364486e-05	0.000241684122261
1713	2.72544325744e-05	0.000241613567853
1714	2.52432053675e-05	0.000241543075198
1715	2.27929241982e-05	0.000241472644208
1716	2.42738205128e-05	0.000241402274793
1717	2.55334228305e-05	0.000241331966862
1718	2.47892305006e-05	0.000241261720327
1719	2.13373525305e-05	0.000241191535097
1720	2.15854186046e-05	0.000241121411085
1721	2.22637600232e-05	0.000241051348201
1722	2.432342741e-05	0.000240981346356
1723	2.27724625653e-05	0.000240911405462
1724	2.37551995359e-05	0.00024084152543
1725	2.42104202898e-05	0.000240771706172
1726	2.29107682503e-05	0.0002407019476
1727	2.14667035321e-05	0.000240632249626
1728	2.13049814815e-05	0.000240562612162
1729	1.87611445922e-05	0.000240493035122
1730	1.88271849711e-05	0.000240423518417
1731	1.7029486424e-05	0.000240354061961
1732	1.85404457275e-05	0.000240284665666
1733	1.80179244085e-05	0.000240215329446
1734	1.63766286044e-05	0.000240146053214
1735	1.72951498559e-05	0.000240076836884
1736	1.87765529954e-05	0.000240007680369
1737	1.82856113989e-05	0.000239938583583
1738	1.79736006904e-05	0.00023986954644
1739	2.08034094307e-05	0.000239800568856
1740	2.14506551724e-05	0.000239731650743
1741	2.1611229753e-05	0.000239662792016
1742	2.20546280138e-05	0.000239593992591
1743	2.41389403327e-05	0.000239525252383
1744	2.49920779816e-05	0.000239456571305
1745	2.64665873925e-05	0.000239387949275
1746	2.49691901489e-05	0.000239319386206
1747	2.51168958214e-05	0.000239250882015
1748	2.57146613272e-05	0.000239182436617
1749	2.52391303602e-05	0.000239114049929
1750	2.64338571428e-05	0.000239045721867
1751	2.76369280411e-05	0.000238977452346
1752	2.5011e-05	0.000238909241284
1753	2.51439150028e-05	0.000238841088596
1754	2.58644777651e-05	0.0002387729942
1755	2.17192621082e-05	0.000238704958013
1756	2.16453963553e-05	0.000238636979952
1757	2.07651263517e-05	0.000238569059933
1758	1.56662901024e-05	0.000238501197875
1759	1.2268532689e-05	0.000238433393695
1760	1.23382727273e-05	0.000238365647311
1761	1.31830613288e-05	0.000238297958641
1762	1.63293881952e-05	0.000238230327603
1763	1.63796897334e-05	0.000238162754115
1764	1.49288004535e-05	0.000238095238095
1765	1.38619915014e-05	0.000238027779463
1766	1.67839331823e-05	0.000237960378136
1767	1.67025676287e-05	0.000237893034035
1768	1.94651855203e-05	0.000237825747077
1769	1.99182922555e-05	0.000237758517183
1770	2.04923559322e-05	0.000237691344271
1771	2.19065392434e-05	0.000237624228261
1772	2.08016320542e-05	0.000237557169073
1773	2.0500001692e-05	0.000237490166626
1774	2.03114509583e-05	0.000237423220842
1775	1.97417042253e-05	0.000237356331639
1776	2.05701216216e-05	0.000237289498938
1777	1.85270382667e-05	0.00023722272266
1778	1.64316974128e-05	0.000237156002726
1779	1.70076273187e-05	0.000237089339055
1780	1.71767303371e-05	0.00023702273157
1781	1.7731381808e-05	0.000236956180191
1782	1.70345690236e-05	0.00023688968484
1783	1.91041015143e-05	0.000236823245437
1784	2.06034887892e-05	0.000236756861905
1785	2.07622605042e-05	0.000236690534166
1786	1.95165991041e-05	0.00023662426214
1787	1.59354543928e-05	0.000236558045751
1788	1.37598814317e-05	0.00023649188492
1789	1.68740519843e-05	0.00023642577957
1790	1.32137932961e-05	0.000236359729624
1791	1.51840876605e-05	0.000236293735003
1792	1.63229419643e-05	0.000236227795631
1793	1.72647646403e-05	0.00023616191143
1794	1.48276109253e-05	0.000236096082325
1795	1.29864874652e-05	0.000236030308237
1796	1.34603318485e-05	0.000235964589092
1797	1.30360417362e-05	0.000235898924811
1798	1.3852490545e-05	0.000235833315318
1799	1.2586319622e-05	0.000235767760539
1800	9.52322222221e-06	0.000235702260396
1801	1.05229378123e-05	0.000235636814813
1802	1.01269822419e-05	0.000235571423716
1803	9.84128286188e-06	0.000235506087028
1804	1.06185388027e-05	0.000235440804674
1805	1.27772049861e-05	0.000235375576579
1806	1.47850863787e-05	0.000235310402668
1807	1.23192457111e-05	0.000235245282865
1808	1.32565752212e-05	0.000235180217096
1809	1.55997230514e-05	0.000235115205286
1810	1.9272878453e-05	0.000235050247361
1811	1.88177366096e-05	0.000234985343246
1812	2.15176225166e-05	0.000234920492867
1813	2.19900402648e-05	0.000234855696151
1814	2.25611653804e-05	0.000234790953021
1815	2.55030110193e-05	0.000234726263407
1816	2.48524096916e-05	0.000234661627232
1817	2.03599268024e-05	0.000234597044424
1818	2.21177106711e-05	0.00023453251491
1819	1.94799389775e-05	0.000234468038616
1820	2.12961648352e-05	0.000234403615469
1821	2.31905716639e-05	0.000234339245397
1822	2.53924489572e-05	0.000234274928325
1823	2.65046917169e-05	0.000234210664182
1824	2.4597622807e-05	0.000234146452895
1825	2.63786712329e-05	0.000234082294392
1826	2.38143953998e-05	0.0002340181886
1827	2.2997863711e-05	0.000233954135448
1828	2.2863297593e-05	0.000233890134862
1829	2.21979874248e-05	0.000233826186772
1830	1.74831311475e-05	0.000233762291106
1831	1.48946701256e-05	0.000233698447792
1832	1.30994279476e-05	0.000233634656758
1833	1.23628821604e-05	0.000233570917934
1834	1.34880992366e-05	0.000233507231247
1835	1.4168493188e-05	0.000233443596628
1836	1.49499978213e-05	0.000233380014005
1837	1.63169335874e-05	0.000233316483307
1838	1.79136115343e-05	0.000233253004464
1839	1.98511305057e-05	0.000233189577405
1840	1.97224130435e-05	0.00023312620206
1841	2.09963340576e-05	0.000233062878359
1842	2.19496536373e-05	0.000232999606231
1843	1.90153407488e-05	0.000232936385607
1844	2.08824750542e-05	0.000232873216416
1845	1.88809186992e-05	0.00023281009859
1846	1.64384106175e-05	0.000232747032058
1847	1.75475457499e-05	0.000232684016751
1848	1.79043982684e-05	0.0002326210526
1849	1.73863380206e-05	0.000232558139535
1850	1.56801891892e-05	0.000232495277488
1851	1.58575694219e-05	0.000232432466389
1852	1.64046285097e-05	0.00023236970617
1853	1.5544729088e-05	0.000232306996762
1854	1.1560622438e-05	0.000232244338097
1855	1.11883584906e-05	0.000232181730106
1856	1.19107844827e-05	0.000232119172721
1857	1.10723893376e-05	0.000232056665874
1858	8.50669429493e-06	0.000231994209497
1859	8.95935933297e-06	0.000231931803521
1860	5.30347311827e-06	0.00023186944788
1861	5.26785115529e-06	0.000231807142505
1862	4.56255746508e-06	0.00023174488733
1863	3.32017874395e-06	0.000231682682286
1864	5.67838197424e-06	0.000231620527306
1865	3.86408310991e-06	0.000231558422324
1866	4.03404394426e-06	0.000231496367272
1867	5.33719175147e-06	0.000231434362083
1868	5.8075738758e-06	0.000231372406691
1869	4.3074151953e-06	0.00023131050103
1870	6.35431550802e-06	0.000231248645031
1871	6.01367236772e-06	0.00023118683863
1872	4.98482478633e-06	0.000231125081761
1873	6.06332247731e-06	0.000231063374355
1874	7.89467129136e-06	0.000231001716349
1875	9.29206666667e-06	0.000230940107676
1876	1.13734733476e-05	0.00023087854827
1877	1.36881443793e-05	0.000230817038065
1878	1.41324057508e-05	0.000230755576997
1879	1.48039749867e-05	0.000230694164999
1880	1.7546106383e-05	0.000230632802007
1881	1.58674593301e-05	0.000230571487955
1882	1.06135504782e-05	0.000230510222779
1883	1.18245953266e-05	0.000230449006413
1884	1.21962441614e-05	0.000230387838792
1885	1.30720079576e-05	0.000230326719852
1886	1.30385715801e-05	0.000230265649529
1887	1.44858277689e-05	0.000230204627758
1888	1.40078220339e-05	0.000230143654475
1889	1.57939539439e-05	0.000230082729615
1890	1.70369259259e-05	0.000230021853114
1891	1.61373881544e-05	0.000229961024909
1892	1.71727336152e-05	0.000229900244936
1893	1.56560079239e-05	0.000229839513131
1894	1.49133231257e-05	0.00022977882943
1895	1.53007097626e-05	0.00022971819377
1896	1.31855780591e-05	0.000229657606087
1897	1.09071518187e-05	0.000229597066319
1898	1.15605258167e-05	0.000229536574402
1899	1.45891990522e-05	0.000229476130274
1900	1.35225789474e-05	0.000229415733871
1901	1.36117364545e-05	0.00022935538513
1902	1.29253007361e-05	0.000229295083989
1903	1.29127341041e-05	0.000229234830386
1904	1.23712941177e-05	0.000229174624257
1905	1.42440708662e-05	0.000229114465541
1906	1.4751818468e-05	0.000229054354176
1907	1.27870880965e-05	0.000228994290099
1908	1.30393018868e-05	0.000228934273248
1909	1.41655311682e-05	0.000228874303562
1910	1.53340366492e-05	0.000228814380978
1911	1.51030983778e-05	0.000228754505436
1912	1.23195774059e-05	0.000228694676873
1913	1.2205458965e-05	0.000228634895229
1914	1.19065067921e-05	0.000228575160441
1915	9.4966396867e-06	0.00022851547245
1916	9.56371398749e-06	0.000228455831192
1917	1.14084960877e-05	0.000228396236609
1918	9.85823670492e-06	0.000228336688639
1919	9.06050495051e-06	0.000228277187221
1920	7.06881250002e-06	0.000228217732294
1921	8.63515408643e-06	0.000228158323798
1922	9.48758688868e-06	0.000228098961673
1923	5.93403692149e-06	0.000228039645858
1924	4.37326611228e-06	0.000227980376294
1925	5.89671428573e-06	0.000227921152919
1926	5.99282762203e-06	0.000227861975675
1927	7.6409948106e-06	0.000227802844501
1928	7.97261825728e-06	0.000227743759337
1929	7.04365940904e-06	0.000227684720124
1930	7.62498963732e-06	0.000227625726803
1931	7.3274163646e-06	0.000227566779314
1932	4.83501656316e-06	0.000227507877597
1933	4.0554904294e-06	0.000227449021593
1934	1.8362326784e-06	0.000227390211244
1935	2.93503100777e-06	0.00022733144649
1936	2.6819710744e-06	0.000227272727273
1937	2.20201703667e-06	0.000227214053533
1938	3.7751898865e-06	0.000227155425212
1939	3.40450180508e-06	0.000227096842252
1940	2.61873195878e-06	0.000227038304593
1941	5.87910922207e-06	0.000226979812178
1942	6.79987744594e-06	0.000226921364949
1943	8.74285795164e-06	0.000226862962846
1944	7.71316049385e-06	0.000226804605813
1945	8.20328791776e-06	0.000226746293791
1946	1.09673206578e-05	0.000226688026723
1947	1.18430493066e-05	0.00022662980455
1948	1.30228069815e-05	0.000226571627215
1949	1.26728778861e-05	0.00022651349466
1950	1.05340769231e-05	0.000226455406829
1951	5.95871911842e-06	0.000226397363663
1952	6.19593852461e-06	0.000226339365106
1953	3.70992473121e-06	0.000226281411101
1954	2.92399897648e-06	0.00022622350159
1955	1.81304603582e-06	0.000226165636516
1956	1.56519222906e-06	0.000226107815823
1957	1.51176647932e-06	0.000226050039454
1958	2.99108171606e-06	0.000225992307353
1959	1.08292547216e-06	0.000225934619462
1960	1.27216326529e-06	0.000225876975726
1961	6.11852575215e-06	0.000225819376089
1962	5.04047808357e-06	0.000225761820493
1963	3.92583138051e-06	0.000225704308883
1964	4.75580244397e-06	0.000225646841203
1965	5.01749872772e-06	0.000225589417397
1966	4.90812512714e-06	0.00022553203741
1967	5.35503965428e-06	0.000225474701185
1968	8.08808536584e-06	0.000225417408667
1969	9.90063026916e-06	0.0002253601598
1970	8.89052284263e-06	0.00022530295453
1971	7.11786859461e-06	0.0002252457928
1972	5.05390872209e-06	0.000225188674556
1973	4.56021135325e-06	0.000225131599742
1974	4.630337386e-06	0.000225074568303
1975	4.3424177215e-06	0.000225017580185
1976	2.10438461536e-06	0.000224960635333
1977	1.38100809305e-06	0.000224903733692
1978	7.51386248714e-07	0.000224846875207
1979	4.98853461324e-07	0.000224790059823
1980	1.98827272729e-06	0.000224733287488
1981	7.77279656757e-07	0.000224676558145
1982	1.50847729567e-06	0.000224619871741
1983	5.28082198678e-07	0.000224563228222
1984	1.1150080645e-06	0.000224506627533
1985	5.45675062961e-07	0.000224450069622
1986	2.25067774422e-06	0.000224393554433
1987	4.33460342226e-06	0.000224337081913
1988	3.92951106641e-06	0.000224280652008
1989	2.95921518351e-06	0.000224224264665
1990	3.10145226131e-06	0.000224167919831
1991	1.57905625314e-06	0.000224111617452
1992	2.35948192771e-06	0.000224055357474
1993	2.69095684897e-06	0.000223999139845
1994	1.507555667e-06	0.000223942964511
1995	1.74388721804e-06	0.00022388683142
1996	1.02958116232e-06	0.000223830740518
1997	8.58270906366e-07	0.000223774691753
1998	2.38837737739e-06	0.000223718685071
1999	1.82540720361e-06	0.000223662720421
2000	0.0	0.00022360679775
