1	0.00094552775
2	0.00072602775
3	0.000906194416667
4	0.00055052775
5	0.00035092775
6	0.000476694416667
7	0.000698384892857
8	0.00057002775
9	0.000474638861111
10	0.00018242775
11	0.00015552775
12	0.000266194416667
13	0.000239296980769
14	0.000343099178571
15	0.000375794416667
16	0.00029609025
17	0.000332586573529
18	0.000234305527778
19	0.000156685644737
20	0.00020892775
21	0.000336432511905
22	0.000304255022727
23	0.000327353836957
24	0.000247111083333
25	0.00023388775
26	0.000253873903846
27	0.000326675898148
28	0.000276313464286
29	0.000247113956897
30	0.000255794416667
31	0.000382856782258
32	0.000373034
33	0.000321018659091
34	0.000352680691176
35	0.000308304892857
36	0.000310338861111
37	0.000324911533784
38	0.000333690907895
39	0.000310891852564
40	0.00034135775
41	0.000293117993902
42	0.000305461083333
43	0.000283904494186
44	0.000283759568182
45	0.000292465527778
46	0.000319879923913
47	0.000302702218085
48	0.000301698583333
49	0.000291307341837
50	0.00026641175
51	0.00024941402451
52	0.000236800826923
53	0.000266418316038
54	0.000250235157407
55	0.000231331386364
56	0.000190781321429
57	0.000178162837719
58	0.000183203612069
59	0.000168056563559
60	0.00014969775
61	0.000181990045082
62	0.000166530975806
63	0.000166451559524
64	0.00017289025
65	0.000166530826923
66	0.000145030780303
67	0.00012836655597
68	0.000134118926471
69	0.000133110358696
70	0.000158102035714
71	0.000159516482394
72	0.000134322194444
73	0.00011995514726
74	0.000137016939189
75	0.000144250416667
76	0.000166793539474
77	0.000161530347403
78	0.000153966211538
79	0.000177998636076
80	0.00016834275
81	0.000188431453704
82	0.000170639945122
83	0.000162000039157
84	0.000159053940476
85	0.00014984775
86	0.00014849519186
87	0.000152323152299
88	0.000152768659091
89	0.000127934491573
90	0.000126063305556
91	0.000103584892857
92	8.85734021739e-05
93	0.000106325599462
94	0.00010117881383
95	8.84666973684e-05
96	6.27798333333e-05
97	6.16947603093e-05
98	4.01624438776e-05
99	4.6125729798e-05
100	4.763975e-05
101	5.6529730198e-05
102	6.69218676471e-05
103	5.73937694175e-05
104	6.14719807692e-05
105	4.7348702381e-05
106	4.80202028302e-05
107	6.30623294393e-05
108	5.19462685185e-05
109	5.86671995413e-05
110	4.37750227273e-05
111	4.31872094595e-05
112	4.17259642857e-05
113	2.04941216814e-05
114	3.49154692982e-05
115	4.400775e-05
116	3.63053362069e-05
117	2.17174935897e-05
118	8.19893644068e-06
119	6.80674159664e-06
120	8.47941666667e-06
121	2.6595518595e-05
122	2.5496602459e-05
123	1.53830345528e-05
124	2.31261370968e-05
125	8.52135e-06
126	2.24844047619e-06
127	6.93877362205e-06
128	9.0918125e-06
129	5.08743992248e-06
130	1.10917307692e-06
131	1.09592729008e-05
132	1.07510378788e-05
133	1.34782650376e-05
134	1.87991156716e-05
135	2.64929907407e-05
136	3.29046029412e-05
137	4.56970675182e-05
138	4.34635543478e-05
139	4.81110989209e-05
140	3.94636785714e-05
141	4.91233138298e-05
142	3.68792922535e-05
143	3.84358863636e-05
144	3.798475e-05
145	2.11674224138e-05
146	2.05051267123e-05
147	9.30082142857e-06
148	1.02681959459e-05
149	5.92057214765e-06
150	4.98425e-06
151	5.66297847682e-06
152	2.49617105263e-06
153	2.01891879085e-05
154	2.18926850649e-05
155	1.91096854839e-05
156	1.02662115385e-05
157	5.75123089172e-06
158	3.54800316455e-06
159	1.94269025158e-06
160	1.329e-06
161	1.321939441e-06
162	1.037225e-05
163	2.14526180982e-05
164	2.44832256098e-05
165	2.09558863636e-05
166	1.84710451807e-05
167	2.85968008982e-05
168	3.432225e-05
169	3.72107115385e-05
170	3.37828382353e-05
171	2.23190336257e-05
172	2.14303895349e-05
173	2.70144465318e-05
174	2.84021350575e-05
175	1.98825357143e-05
176	1.11870227273e-05
177	7.90049858757e-06
178	8.15090168539e-06
179	4.28677513966e-06
180	5.81219444445e-06
181	1.8050980663e-06
182	1.25728049451e-05
183	5.88403415301e-06
184	5.52883695652e-06
185	2.5450472973e-06
186	5.71162096774e-06
187	8.10635962567e-06
188	6.35196808513e-07
189	4.22251455026e-06
190	2.40277631579e-06
191	9.63352094244e-07
192	3.42983333334e-06
193	9.02619559586e-06
194	7.34966494848e-07
195	5.60968589743e-06
196	1.15171479592e-05
197	2.15981383249e-05
198	1.2870229798e-05
199	1.22853153266e-05
200	1.068625e-05
201	9.62050870647e-06
202	9.31779455445e-06
203	6.2643682266e-06
204	1.12016617647e-05
205	1.01005426829e-05
206	1.18207936893e-05
207	1.67369842995e-05
208	1.57357115385e-05
209	1.27631590909e-05
210	2.52093928571e-05
211	3.51395485782e-05
212	4.97873443396e-05
213	4.76262406103e-05
214	4.85086985981e-05
215	5.27829476744e-05
216	5.29991018519e-05
217	5.02685633641e-05
218	3.76272958716e-05
219	3.26128892694e-05
220	2.96895227273e-05
221	3.88061866516e-05
222	3.26199977478e-05
223	2.56372724215e-05
224	2.8266e-05
225	2.74180277778e-05
226	3.33120730089e-05
227	3.01365671806e-05
228	4.07608464912e-05
229	5.32923373362e-05
230	4.94192065217e-05
231	5.14410811688e-05
232	4.7898112069e-05
233	5.01666706009e-05
234	4.7219258547e-05
235	5.4437356383e-05
236	5.977225e-05
237	6.4454528481e-05
238	6.19798130252e-05
239	6.08354299163e-05
240	6.33964166667e-05
241	5.90813786307e-05
242	5.80168780992e-05
243	5.47924146091e-05
244	5.3803397541e-05
245	5.94020459184e-05
246	5.14592418699e-05
247	5.17022095142e-05
248	5.46730564516e-05
249	5.45075913655e-05
250	5.638345e-05
251	6.09774292829e-05
252	6.04793928571e-05
253	5.47362816206e-05
254	5.42313051181e-05
255	5.68597009804e-05
256	5.43269375e-05
257	5.95882033074e-05
258	6.29869786822e-05
259	7.20120183398e-05
260	7.755225e-05
261	7.53488783525e-05
262	7.63264484733e-05
263	7.11520979087e-05
264	7.00320984848e-05
265	6.57620613208e-05
266	6.50955582707e-05
267	5.33104522472e-05
268	5.01991156716e-05
269	5.02112834572e-05
270	5.22159537037e-05
271	5.45785230627e-05
272	5.50046029412e-05
273	5.98597957875e-05
274	6.7570060219e-05
275	6.13406136364e-05
276	6.01128297101e-05
277	6.77025749097e-05
278	6.39967104317e-05
279	6.27403503584e-05
280	5.84965357143e-05
281	5.95605062278e-05
282	6.30176400709e-05
283	6.38355008834e-05
284	5.75877429577e-05
285	5.98926008772e-05
286	6.15519702797e-05
287	6.34820060976e-05
288	6.23639166667e-05
289	6.53469904844e-05
290	6.92025948276e-05
291	6.59560987972e-05
292	7.21873184931e-05
293	7.83179837884e-05
294	7.57946989796e-05
295	7.66614025424e-05
296	7.9201304054e-05
297	7.31786473064e-05
298	6.3716545302e-05
299	5.97625510033e-05
300	5.97515833333e-05
301	6.52257383721e-05
302	6.88457599338e-05
303	7.25045932343e-05
304	6.69946184211e-05
305	6.45929057377e-05
306	6.48931650327e-05
307	6.7214269544e-05
308	6.5046275974e-05
309	7.35525088997e-05
310	6.78199919355e-05
311	6.72626036978e-05
312	6.90773782051e-05
313	6.60594704473e-05
314	6.50034601911e-05
315	6.0973202381e-05
316	6.05412373418e-05
317	6.20362878549e-05
318	6.48647028302e-05
319	6.61518738244e-05
320	7.1284125e-05
321	6.96211596573e-05
322	7.06983369565e-05
323	6.86295255418e-05
324	6.59284228395e-05
325	6.59116346154e-05
326	7.04378941718e-05
327	6.3621485474e-05
328	6.10478597561e-05
329	6.05111557751e-05
330	6.30261893939e-05
331	6.1269228852e-05
332	6.23752620482e-05
333	5.94296073574e-05
334	5.96423098802e-05
335	6.635225e-05
336	7.38228452381e-05
337	7.68841194362e-05
338	6.97793505917e-05
339	7.25395066372e-05
340	7.25540147059e-05
341	7.31138922287e-05
342	7.40272207602e-05
343	7.62530080175e-05
344	8.40123662791e-05
345	8.47905108696e-05
346	7.9546816474e-05
347	8.17627399135e-05
348	8.50894913793e-05
349	8.59788402579e-05
350	8.93859642857e-05
351	9.08534465812e-05
352	9.45540681818e-05
353	9.083428966e-05
354	9.28163177966e-05
355	9.15674612676e-05
356	9.11430365168e-05
357	9.38498410364e-05
358	9.33320265363e-05
359	8.85998266017e-05
360	8.60689166667e-05
361	8.90340228532e-05
362	8.88142389503e-05
363	9.17609552342e-05
364	9.8411260989e-05
365	9.37456746575e-05
366	9.60154193989e-05
367	0.000100338190054
368	0.000101577684783
369	0.000100718320461
370	0.000107290628378
371	0.000111692735175
372	0.000107963647849
373	0.000108184850536
374	0.000106682945187
375	0.000105391716667
376	0.000105697781915
377	0.000107495592175
378	0.00010602198545
379	9.67382130607e-05
380	9.66690921053e-05
381	9.74402290026e-05
382	9.44193704188e-05
383	8.95944432115e-05
384	8.73363125e-05
385	8.41600422078e-05
386	8.3479503886e-05
387	8.34820691214e-05
388	8.0616064433e-05
389	8.11118386889e-05
390	8.36255833333e-05
391	7.84870837596e-05
392	7.30049030612e-05
393	7.62503670483e-05
394	7.69615901015e-05
395	8.04742753164e-05
396	7.89515429293e-05
397	7.58772877834e-05
398	7.38988831658e-05
399	6.91860344611e-05
400	6.285175e-05
401	6.18133971322e-05
402	5.90414042288e-05
403	5.34593467742e-05
404	5.31895767327e-05
405	5.48594104938e-05
406	5.12673238916e-05
407	4.97690558968e-05
408	5.03688186274e-05
409	4.94301962103e-05
410	5.29937134146e-05
411	4.80265079075e-05
412	4.95906966019e-05
413	4.88591749395e-05
414	4.90514770531e-05
415	5.04524909638e-05
416	5.37674423077e-05
417	5.88098998801e-05
418	5.66200968899e-05
419	6.41018442721e-05
420	6.54455833333e-05
421	6.38541977435e-05
422	6.23130082938e-05
423	6.48240230496e-05
424	6.73302688679e-05
425	6.40011911765e-05
426	6.39318744131e-05
427	6.8460072014e-05
428	7.03292593458e-05
429	7.27398490676e-05
430	7.05159709302e-05
431	7.46806026682e-05
432	6.6197712963e-05
433	6.52768689376e-05
434	6.51943698157e-05
435	6.44869626437e-05
436	6.4996103211e-05
437	6.78713346682e-05
438	6.54138025114e-05
439	6.43228194761e-05
440	6.41777045454e-05
441	6.53189620181e-05
442	6.73306210407e-05
443	6.69878256208e-05
444	6.57569346847e-05
445	7.12776432584e-05
446	7.2141308296e-05
447	7.12852253915e-05
448	7.36673392857e-05
449	7.00544326281e-05
450	7.08153611111e-05
451	7.05041790466e-05
452	7.22939314159e-05
453	7.46872610375e-05
454	7.47506640969e-05
455	7.66577445055e-05
456	7.78876008772e-05
457	7.33068233041e-05
458	7.25953941048e-05
459	7.09153872549e-05
460	7.35252934783e-05
461	6.82236599783e-05
462	6.5475280303e-05
463	6.52916884449e-05
464	6.25808706896e-05
465	6.45053682796e-05
466	6.59473572961e-05
467	7.14431279443e-05
468	7.0069258547e-05
469	7.58995421109e-05
470	7.42539521277e-05
471	7.04858381104e-05
472	7.14519110169e-05
473	7.3473095666e-05
474	7.7019507384e-05
475	7.70351973684e-05
476	7.75991407563e-05
477	8.18273862683e-05
478	8.33852207113e-05
479	8.49762165971e-05
480	8.318975e-05
481	8.266227079e-05
482	7.89627064315e-05
483	7.87442996894e-05
484	7.5537126033e-05
485	7.58359613402e-05
486	7.74051718107e-05
487	7.45326196098e-05
488	7.33009385246e-05
489	7.54198982617e-05
490	7.65424540816e-05
491	7.28437367617e-05
492	7.09832256097e-05
493	7.29821891481e-05
494	7.19811568826e-05
495	7.61821489899e-05
496	7.62795080645e-05
497	7.26823103622e-05
498	6.61497600402e-05
499	6.63648351703e-05
500	6.389105e-05
501	6.70818308383e-05
502	7.11204571713e-05
503	6.8596305666e-05
504	6.75643134921e-05
505	6.7453240099e-05
506	6.47121709486e-05
507	6.50706720907e-05
508	6.66344547244e-05
509	6.92883600196e-05
510	6.93044068627e-05
511	6.9932915362e-05
512	6.8783578125e-05
513	6.7623127193e-05
514	6.83271138132e-05
515	6.70283665048e-05
516	7.13955058139e-05
517	7.19140294971e-05
518	7.3523215251e-05
519	6.93342923892e-05
520	6.94307115385e-05
521	6.47186991363e-05
522	6.5427039272e-05
523	6.6754085564e-05
524	6.8677211832e-05
525	7.02215833333e-05
526	6.91783336502e-05
527	6.9442648482e-05
528	7.39995227273e-05
529	7.49285827032e-05
530	7.34956462264e-05
531	7.39193309793e-05
532	6.88978139098e-05
533	6.33116496248e-05
534	6.31452837079e-05
535	6.37066425234e-05
536	6.22416529851e-05
537	6.45567937616e-05
538	6.02871198885e-05
539	5.78811553803e-05
540	5.76841018518e-05
541	6.17428599815e-05
542	6.10541688192e-05
543	6.13293402394e-05
544	6.03259264706e-05
545	5.86124334862e-05
546	5.98209679487e-05
547	6.4151226234e-05
548	6.49328339416e-05
549	6.53655104736e-05
550	6.60238863636e-05
551	6.72334115245e-05
552	6.85961630435e-05
553	6.81239679023e-05
554	7.1631816787e-05
555	6.99954932432e-05
556	7.07445521583e-05
557	6.53975641831e-05
558	6.60374829749e-05
559	6.5133072898e-05
560	6.30193928571e-05
561	6.27973836898e-05
562	6.30049902135e-05
563	6.02367260213e-05
564	6.00243776596e-05
565	6.09384446903e-05
566	6.21708365724e-05
567	6.27974704585e-05
568	6.53655598591e-05
569	6.33147807557e-05
570	6.50518991228e-05
571	6.67023725919e-05
572	6.42107115385e-05
573	6.61169271379e-05
574	6.29886263066e-05
575	6.10938152174e-05
576	6.10823194444e-05
577	5.91956468804e-05
578	6.01182707612e-05
579	6.02156006045e-05
580	6.07746637931e-05
581	5.65572758175e-05
582	5.36310128866e-05
583	4.9656469554e-05
584	4.66767020548e-05
585	4.62028482906e-05
586	4.34729325939e-05
587	4.27932040034e-05
588	4.29321139456e-05
589	4.2552725382e-05
590	4.03102161017e-05
591	3.69010148054e-05
592	3.85016418919e-05
593	3.44543747892e-05
594	3.47843712121e-05
595	3.51838466387e-05
596	3.67598338926e-05
597	3.79369066164e-05
598	3.77571998328e-05
599	3.85680763773e-05
600	4.23395833333e-05
601	4.10719172213e-05
602	4.29695921927e-05
603	3.99190161692e-05
604	4.19480778146e-05
605	4.51853078512e-05
606	4.49844612211e-05
607	4.04317228171e-05
608	4.28742236842e-05
609	4.44302138752e-05
610	4.44401188525e-05
611	4.59737229951e-05
612	4.50546029412e-05
613	4.28432124796e-05
614	4.11992858306e-05
615	4.05720873984e-05
616	4.49014707792e-05
617	4.66057994327e-05
618	4.82997580906e-05
619	4.75892128433e-05
620	5.18309596774e-05
621	5.20075157005e-05
622	5.39294847267e-05
623	5.38099707063e-05
624	5.08767371795e-05
625	5.077369e-05
626	5.17732084665e-05
627	4.96451367624e-05
628	5.02531417198e-05
629	4.95889431638e-05
630	5.13919325397e-05
631	5.11052135499e-05
632	4.9507693038e-05
633	5.04096907583e-05
634	4.73514298107e-05
635	4.9269730315e-05
636	5.16191053459e-05
637	4.97005074568e-05
638	5.13835352665e-05
639	5.27576960094e-05
640	5.0897875e-05
641	4.75446368955e-05
642	4.57392281931e-05
643	4.38507881026e-05
644	4.43517531056e-05
645	4.35519399225e-05
646	4.18490301858e-05
647	4.33384014683e-05
648	4.75145339506e-05
649	5.09181667951e-05
650	5.12774807692e-05
651	5.32747077573e-05
652	5.40848266871e-05
653	5.2722479709e-05
654	5.23688860856e-05
655	5.06682805344e-05
656	4.92106646341e-05
657	4.81456137747e-05
658	4.82494536474e-05
659	4.81648144917e-05
660	4.89804318182e-05
661	5.08783014372e-05
662	5.41828240181e-05
663	5.56779815234e-05
664	5.52153222892e-05
665	5.72066860902e-05
666	5.56890668168e-05
667	5.52344688906e-05
668	5.63441062874e-05
669	5.64429525411e-05
670	5.71788171642e-05
671	5.67932634128e-05
672	5.71886190476e-05
673	5.53732901189e-05
674	5.47102321958e-05
675	5.33528425926e-05
676	5.35305340237e-05
677	5.27579220827e-05
678	5.35141379056e-05
679	5.11561969809e-05
680	5.190225e-05
681	5.01042617474e-05
682	5.36355931085e-05
683	5.51331577599e-05
684	5.25620160819e-05
685	5.46611551095e-05
686	5.5150675656e-05
687	5.74568205968e-05
688	5.69277732558e-05
689	5.42217420174e-05
690	5.68206557971e-05
691	5.71732630246e-05
692	5.86924812139e-05
693	5.62506049784e-05
694	5.50938638329e-05
695	5.7920307554e-05
696	6.00518477012e-05
697	5.72619200143e-05
698	5.86361468481e-05
699	5.99649538627e-05
700	5.92299642857e-05
701	5.82830916548e-05
702	5.71551559829e-05
703	5.6912363798e-05
704	5.80481022727e-05
705	6.01309734043e-05
706	6.03439213881e-05
707	6.11234522631e-05
708	6.09318545198e-05
709	6.06928423836e-05
710	6.07446443662e-05
711	5.56809701125e-05
712	5.74362949438e-05
713	5.21038068022e-05
714	5.22233704482e-05
715	5.34349073427e-05
716	5.59461326816e-05
717	5.67543978382e-05
718	5.50952305014e-05
719	5.27257965925e-05
720	5.4906e-05
721	5.43173262829e-05
722	5.63923331025e-05
723	5.46275750346e-05
724	5.61522223757e-05
725	5.6864387931e-05
726	5.67481453168e-05
727	5.44410257909e-05
728	5.3803706044e-05
729	5.60693693416e-05
730	5.88890993151e-05
731	6.09213608071e-05
732	6.34070860656e-05
733	6.26295487722e-05
734	6.10244298365e-05
735	6.11243588435e-05
736	5.81710271739e-05
737	5.81307303256e-05
738	5.99834966125e-05
739	6.14266478349e-05
740	5.81010337838e-05
741	5.61906035763e-05
742	5.54618726415e-05
743	5.50648475774e-05
744	5.34578682796e-05
745	5.32135922819e-05
746	4.98412848526e-05
747	4.69719822624e-05
748	4.93456457219e-05
749	4.98531578772e-05
750	5.067665e-05
751	5.0342156791e-05
752	5.1738606383e-05
753	4.92614930279e-05
754	4.64991730769e-05
755	4.66196672185e-05
756	4.75678849206e-05
757	4.60935181638e-05
758	4.72444135884e-05
759	4.72433962451e-05
760	4.788975e-05
761	4.67420266097e-05
762	4.70750059055e-05
763	4.73704151376e-05
764	4.69569358639e-05
765	4.66883284314e-05
766	4.66462708877e-05
767	4.60854181878e-05
768	4.68072760417e-05
769	4.4294486671e-05
770	4.76934188312e-05
771	4.75984497406e-05
772	4.70076126943e-05
773	4.90340869987e-05
774	4.61716040052e-05
775	4.34313467742e-05
776	4.36066572165e-05
777	4.5695287323e-05
778	4.71268772494e-05
779	4.71273206033e-05
780	4.6525198718e-05
781	4.51640553777e-05
782	4.24048586957e-05
783	4.46616497446e-05
784	4.51677857143e-05
785	4.48127595542e-05
786	4.34039293893e-05
787	4.40952487294e-05
788	4.33723769036e-05
789	4.60100193283e-05
790	4.65055411393e-05
791	4.64713650443e-05
792	4.87478813131e-05
793	4.79783029634e-05
794	4.52270358942e-05
795	4.44235707547e-05
796	4.22904660804e-05
797	4.44262023212e-05
798	4.73711221805e-05
799	4.68718745307e-05
800	4.7281375e-05
801	5.06673810862e-05
802	4.8236963217e-05
803	4.79919262142e-05
804	4.67188917911e-05
805	4.72887717391e-05
806	4.92009100496e-05
807	4.94961657373e-05
808	5.24243539604e-05
809	5.21450559333e-05
810	5.27824969136e-05
811	5.27401908138e-05
812	5.35292697044e-05
813	5.27899621771e-05
814	5.22158617936e-05
815	5.39695506135e-05
816	5.53831568628e-05
817	5.42168032436e-05
818	5.61462108802e-05
819	5.55336663614e-05
820	5.43421280488e-05
821	5.41632366017e-05
822	5.56477974453e-05
823	5.58638660389e-05
824	5.68512548544e-05
825	5.89344318182e-05
826	5.75561483051e-05
827	5.72065909915e-05
828	5.88566702899e-05
829	5.83640473462e-05
830	5.59882740964e-05
831	5.49876531288e-05
832	5.49173221154e-05
833	5.42517217887e-05
834	5.64678135492e-05
835	5.69732080838e-05
836	5.6363757177e-05
837	5.59720110514e-05
838	5.67804838902e-05
839	5.75572321216e-05
840	5.69749880952e-05
841	5.80588136148e-05
842	5.78003972684e-05
843	5.71487624555e-05
844	5.60152594787e-05
845	5.6762545858e-05
846	5.77775691489e-05
847	5.69365947462e-05
848	5.75398207547e-05
849	5.93135927562e-05
850	6.08337794118e-05
851	5.8504329906e-05
852	5.81991279343e-05
853	5.80107025205e-05
854	5.85662781031e-05
855	5.87310804094e-05
856	5.67342827103e-05
857	5.80536969078e-05
858	5.84725996504e-05
859	5.73585130966e-05
860	5.72400406977e-05
861	5.48744567364e-05
862	5.28345469838e-05
863	5.49094458285e-05
864	5.41172731482e-05
865	5.28367586705e-05
866	5.2081141455e-05
867	5.2264983564e-05
868	5.15048536866e-05
869	5.22930785386e-05
870	5.2470295977e-05
871	5.20202408152e-05
872	5.20930068807e-05
873	5.36867975372e-05
874	5.35195040046e-05
875	5.36303071429e-05
876	5.35661997717e-05
877	5.26732762258e-05
878	5.50591520501e-05
879	5.43906800341e-05
880	5.46271363636e-05
881	5.31252579455e-05
882	5.15542227891e-05
883	4.97138128539e-05
884	4.85608246606e-05
885	4.73381257062e-05
886	4.74872612867e-05
887	4.82313255355e-05
888	4.75198851352e-05
889	4.7570450225e-05
890	4.55692162921e-05
891	4.49641691919e-05
892	4.61441109866e-05
893	4.64233138298e-05
894	4.81012209172e-05
895	4.8099400838e-05
896	4.70149955357e-05
897	4.74915365106e-05
898	4.70149003341e-05
899	4.68185236374e-05
900	4.677925e-05
901	4.72051023863e-05
902	4.49337799335e-05
903	4.74083518826e-05
904	4.56517853982e-05
905	4.72272776243e-05
906	4.6407459713e-05
907	4.76037825248e-05
908	4.70133292952e-05
909	4.77553083058e-05
910	4.85923598901e-05
911	4.82870688804e-05
912	4.46666578947e-05
913	4.59052182366e-05
914	4.75568233042e-05
915	4.77184795082e-05
916	4.81374246725e-05
917	4.78727952563e-05
918	4.99115746187e-05
919	5.01972772035e-05
920	5.06714891304e-05
921	4.97950513029e-05
922	5.13229007592e-05
923	5.19232792524e-05
924	5.0494219697e-05
925	5.1374195946e-05
926	4.9173437905e-05
927	4.74240299353e-05
928	4.62516681035e-05
929	4.52174599031e-05
930	4.66456908602e-05
931	4.53834207841e-05
932	4.4730082618e-05
933	4.51113711147e-05
934	4.67113292291e-05
935	4.60843355615e-05
936	4.74811175214e-05
937	4.73701155283e-05
938	4.99363224947e-05
939	5.09028144303e-05
940	4.96332074468e-05
941	4.75767133369e-05
942	4.90214007431e-05
943	4.67684323966e-05
944	4.81791355932e-05
945	4.58588108466e-05
946	4.71300724102e-05
947	4.74187125132e-05
948	4.64219335443e-05
949	4.51933248156e-05
950	4.39420394737e-05
951	4.34010617771e-05
952	4.24652121849e-05
953	4.31409803253e-05
954	4.19149124738e-05
955	4.53416740838e-05
956	4.40238190377e-05
957	4.48226157262e-05
958	4.51458408142e-05
959	4.38865357143e-05
960	4.42819375e-05
961	4.38679836108e-05
962	4.49923123701e-05
963	4.3567057892e-05
964	4.33159221992e-05
965	4.35678976684e-05
966	4.33907800207e-05
967	4.46266450362e-05
968	4.27649152893e-05
969	4.16449022188e-05
970	4.38282293815e-05
971	4.32964518538e-05
972	4.13058919753e-05
973	4.00439868962e-05
974	3.99592109856e-05
975	4.05617884615e-05
976	3.96559590164e-05
977	3.92903666837e-05
978	3.72486303681e-05
979	3.8654374617e-05
980	4.11623520408e-05
981	4.11963070846e-05
982	4.00967917515e-05
983	4.04043964903e-05
984	4.21839369919e-05
985	4.14187474619e-05
986	4.1690606998e-05
987	4.44705276089e-05
988	4.53197196356e-05
989	4.48254350354e-05
990	4.39321489899e-05
991	4.49871844097e-05
992	4.53374717742e-05
993	4.46175672206e-05
994	4.35801976861e-05
995	4.37619987437e-05
996	4.40187359438e-05
997	4.30723503009e-05
998	4.48713481964e-05
999	4.50090868368e-05
1000	4.716955e-05
1001	4.46593628871e-05
1002	4.47719505988e-05
1003	4.60268860917e-05
1004	4.58141822709e-05
1005	4.74964291045e-05
1006	4.53810969185e-05
1007	4.31051199106e-05
1008	4.57552857143e-05
1009	4.59393461348e-05
1010	4.40675965347e-05
1011	4.38424774975e-05
1012	4.17146413044e-05
1013	4.17282223593e-05
1014	3.90691928008e-05
1015	3.91178657636e-05
1016	3.98386870079e-05
1017	3.99995852999e-05
1018	3.77947450884e-05
1019	3.6395017419e-05
1020	3.66088186275e-05
1021	3.72267064153e-05
1022	3.77925044031e-05
1023	3.6710079912e-05
1024	3.68621914063e-05
1025	3.72071768293e-05
1026	3.78692285575e-05
1027	4.00713736612e-05
1028	3.77643706226e-05
1029	3.9569723275e-05
1030	3.84482694175e-05
1031	3.73386903492e-05
1032	3.62768042636e-05
1033	3.7677767909e-05
1034	3.58632558027e-05
1035	3.70078055556e-05
1036	3.55343156371e-05
1037	3.49026260849e-05
1038	3.57220573218e-05
1039	3.72964078441e-05
1040	3.75879230769e-05
1041	3.82487149376e-05
1042	3.7159678023e-05
1043	3.63536498082e-05
1044	3.50482078544e-05
1045	3.58342595694e-05
1046	3.55996878585e-05
1047	3.54830427412e-05
1048	3.59715820611e-05
1049	3.78452719256e-05
1050	3.70687261905e-05
1051	3.98359988107e-05
1052	3.96474401141e-05
1053	3.99673117284e-05
1054	4.06366712524e-05
1055	4.06763258294e-05
1056	4.00388219697e-05
1057	4.09058356197e-05
1058	4.07702651229e-05
1059	3.88370280925e-05
1060	3.63536650943e-05
1061	3.41511378417e-05
1062	3.28830786252e-05
1063	3.28111963782e-05
1064	3.40129454887e-05
1065	3.40697147887e-05
1066	3.28336946529e-05
1067	3.09945555295e-05
1068	3.2510920412e-05
1069	2.99430638447e-05
1070	2.81286051402e-05
1071	2.67218298319e-05
1072	2.64165597015e-05
1073	2.84343189655e-05
1074	2.91969241155e-05
1075	2.86985755814e-05
1076	2.72652797398e-05
1077	2.51837634633e-05
1078	2.35875561225e-05
1079	2.48070970806e-05
1080	2.46780833333e-05
1081	2.73504183626e-05
1082	2.8706353512e-05
1083	2.83330994922e-05
1084	2.93323053506e-05
1085	2.91646923963e-05
1086	2.87579774402e-05
1087	2.7102700782e-05
1088	2.88502830882e-05
1089	2.75937376033e-05
1090	2.87743600918e-05
1091	2.85751830889e-05
1092	2.87271034799e-05
1093	2.87973186185e-05
1094	2.90401659049e-05
1095	2.80012910959e-05
1096	2.9183290146e-05
1097	2.90568443482e-05
1098	2.86774412568e-05
1099	2.856169495e-05
1100	2.85834318182e-05
1101	2.91410056767e-05
1102	2.75260612523e-05
1103	2.76991765639e-05
1104	2.79036811594e-05
1105	2.89983133484e-05
1106	3.01153783906e-05
1107	3.0047046748e-05
1108	2.97216182311e-05
1109	2.92840624437e-05
1110	2.92076554054e-05
1111	2.81772905041e-05
1112	2.81092104317e-05
1113	2.87672185535e-05
1114	2.75461279174e-05
1115	2.80994248879e-05
1116	2.93667840502e-05
1117	2.87500476723e-05
1118	2.87721605546e-05
1119	2.85502660858e-05
1120	2.99796607143e-05
1121	3.20175666815e-05
1122	3.2113337344e-05
1123	3.05873880232e-05
1124	3.21059688612e-05
1125	3.18707388889e-05
1126	2.98792659858e-05
1127	3.07768640195e-05
1128	3.18368776596e-05
1129	3.08790701949e-05
1130	3.02105685841e-05
1131	3.1232020115e-05
1132	3.0950430212e-05
1133	3.077083782e-05
1134	3.05624616402e-05
1135	2.96707522027e-05
1136	2.8417056338e-05
1137	2.84953810466e-05
1138	2.93081902461e-05
1139	2.91555687006e-05
1140	3.07058464912e-05
1141	3.04129160824e-05
1142	3.16056125219e-05
1143	2.96002465004e-05
1144	3.14279318182e-05
1145	3.11126866812e-05
1146	3.06487770506e-05
1147	3.16739064952e-05
1148	3.21563092335e-05
1149	3.09207269365e-05
1150	3.08368586957e-05
1151	2.97096956994e-05
1152	2.96140034722e-05
1153	3.08029525152e-05
1154	2.9832995234e-05
1155	3.0429219697e-05
1156	2.92770077855e-05
1157	2.9607340752e-05
1158	3.07747543178e-05
1159	3.01808781277e-05
1160	3.0690612069e-05
1161	3.01417590439e-05
1162	2.91213894148e-05
1163	3.02059559329e-05
1164	3.01537792096e-05
1165	3.00107049356e-05
1166	3.05951487993e-05
1167	3.03971000429e-05
1168	3.17207945206e-05
1169	3.33698547904e-05
1170	3.34519935898e-05
1171	3.34955634074e-05
1172	3.41499803754e-05
1173	3.35151315004e-05
1174	3.34665430153e-05
1175	3.3878462766e-05
1176	3.43270969388e-05
1177	3.2009463254e-05
1178	3.00132516978e-05
1179	2.96947266752e-05
1180	3.04301313559e-05
1181	3.14843583827e-05
1182	3.24479691201e-05
1183	3.23448620034e-05
1184	3.18601722973e-05
1185	3.24952879747e-05
1186	3.34488941821e-05
1187	3.38322331508e-05
1188	3.31088661616e-05
1189	3.27702314971e-05
1190	3.11330063025e-05
1191	3.06824095298e-05
1192	2.97627701342e-05
1193	3.09335240989e-05
1194	2.87865716081e-05
1195	2.87687353557e-05
1196	3.00569489967e-05
1197	2.95251322055e-05
1198	3.14791782137e-05
1199	3.11822583403e-05
1200	3.07725e-05
1201	3.01477703997e-05
1202	3.05548623128e-05
1203	3.06944445137e-05
1204	2.8455057309e-05
1205	2.8487436722e-05
1206	2.84799614428e-05
1207	2.93755640017e-05
1208	2.91910413907e-05
1209	2.91532260132e-05
1210	3.05196053719e-05
1211	3.00241079686e-05
1212	2.93627615512e-05
1213	2.71691172712e-05
1214	2.74601412685e-05
1215	2.76782582305e-05
1216	2.89815427632e-05
1217	3.07288646261e-05
1218	3.14306243842e-05
1219	3.14987471288e-05
1220	3.17897090164e-05
1221	3.19204891482e-05
1222	3.32867344517e-05
1223	3.16360275961e-05
1224	3.22404689543e-05
1225	3.15475969388e-05
1226	3.25116464111e-05
1227	3.24398946618e-05
1228	3.27428526059e-05
1229	3.25343329943e-05
1230	2.9574851626e-05
1231	2.86486919171e-05
1232	2.80649448052e-05
1233	2.65518931468e-05
1234	2.64975336305e-05
1235	2.80440718624e-05
1236	2.84991108414e-05
1237	2.8098119038e-05
1238	2.73665957189e-05
1239	2.60640175545e-05
1240	2.62740241936e-05
1241	2.70888495165e-05
1242	2.75561469404e-05
1243	2.6268871078e-05
1244	2.67473303859e-05
1245	2.60667881526e-05
1246	2.62717684591e-05
1247	2.58116244988e-05
1248	2.58121538462e-05
1249	2.67142035629e-05
1250	2.805001e-05
1251	2.89216504796e-05
1252	2.80946142173e-05
1253	2.5967222067e-05
1254	2.60776726475e-05
1255	2.50381464143e-05
1256	2.58322818471e-05
1257	2.60404282021e-05
1258	2.59755886327e-05
1259	2.4656682089e-05
1260	2.39684404762e-05
1261	2.47880311261e-05
1262	2.36150392235e-05
1263	2.28643323436e-05
1264	2.05902879747e-05
1265	2.06257677866e-05
1266	2.15229609005e-05
1267	1.96357859116e-05
1268	2.0002376183e-05
1269	1.92588536249e-05
1270	1.99621712598e-05
1271	1.85196142801e-05
1272	1.93552688679e-05
1273	1.82705217989e-05
1274	1.99457193877e-05
1275	1.97422107843e-05
1276	1.97827515674e-05
1277	1.97410048943e-05
1278	1.90882124413e-05
1279	1.94286221658e-05
1280	1.902084375e-05
1281	1.87378237705e-05
1282	1.75433888456e-05
1283	1.84412289556e-05
1284	1.98127484424e-05
1285	1.80482811284e-05
1286	1.75882686625e-05
1287	1.71553890831e-05
1288	1.70624673913e-05
1289	1.66950583786e-05
1290	1.5967753876e-05
1291	1.61021493029e-05
1292	1.61643552632e-05
1293	1.59782051431e-05
1294	1.68549393354e-05
1295	1.6127230695e-05
1296	1.567225e-05
1297	1.60236763685e-05
1298	1.49107708012e-05
1299	1.51336818707e-05
1300	1.51554807692e-05
1301	1.50404283244e-05
1302	1.3339531106e-05
1303	1.3964345165e-05
1304	1.33573726994e-05
1305	1.28011388889e-05
1306	1.41645930322e-05
1307	1.36361367636e-05
1308	1.51543600917e-05
1309	1.40919597021e-05
1310	1.50594255725e-05
1311	1.53511210908e-05
1312	1.6659902439e-05
1313	1.8110635377e-05
1314	1.78308496956e-05
1315	1.89012994296e-05
1316	1.79640433131e-05
1317	1.78998885725e-05
1318	1.91636005311e-05
1319	1.8652083207e-05
1320	1.69754318182e-05
1321	1.55435596139e-05
1322	1.62394209531e-05
1323	1.53559990552e-05
1324	1.65328240181e-05
1325	1.49176839623e-05
1326	1.70546029412e-05
1327	1.75349478146e-05
1328	1.68647198795e-05
1329	1.7344484763e-05
1330	1.68618740601e-05
1331	1.51117691585e-05
1332	1.43943220721e-05
1333	1.32383415229e-05
1334	1.35331195652e-05
1335	1.43091039326e-05
1336	1.44641661677e-05
1337	1.44970817128e-05
1338	1.4396166293e-05
1339	1.2489576363e-05
1340	1.23455335821e-05
1341	1.29407063758e-05
1342	1.35402082712e-05
1343	1.21388173864e-05
1344	1.23139166667e-05
1345	1.1505855948e-05
1346	1.30429780832e-05
1347	1.22585900148e-05
1348	1.22698761128e-05
1349	1.22092403632e-05
1350	1.30575833333e-05
1351	1.22962322354e-05
1352	1.17919245562e-05
1353	1.16993009978e-05
1354	1.22774198671e-05
1355	1.15580064576e-05
1356	1.33654653392e-05
1357	1.34841880987e-05
1358	1.28560497054e-05
1359	1.13473051876e-05
1360	1.081725e-05
1361	1.08052404482e-05
1362	1.12124849486e-05
1363	1.09155368672e-05
1364	1.18719567449e-05
1365	1.08108580586e-05
1366	9.48337737921e-06
1367	8.7869537308e-06
1368	9.18803947368e-06
1369	9.28393736304e-06
1370	1.05140018248e-05
1371	1.15219947119e-05
1372	1.0655340379e-05
1373	1.00572463583e-05
1374	9.34211899563e-06
1375	1.07327590909e-05
1376	1.21032093023e-05
1377	1.33641889978e-05
1378	1.40435126996e-05
1379	1.58741354242e-05
1380	1.676225e-05
1381	1.49901355902e-05
1382	1.46655929812e-05
1383	1.51303844902e-05
1384	1.4733232659e-05
1385	1.40810586643e-05
1386	1.32155400433e-05
1387	1.31919327686e-05
1388	1.32742672911e-05
1389	1.33212060835e-05
1390	1.28759910072e-05
1391	1.33221421639e-05
1392	1.36002672414e-05
1393	1.38191272434e-05
1394	1.31976445481e-05
1395	1.27519632616e-05
1396	1.28513330946e-05
1397	1.34459078382e-05
1398	1.40353401288e-05
1399	1.30570963188e-05
1400	1.45088214286e-05
1401	1.27678959672e-05
1402	1.249735699e-05
1403	1.22749584818e-05
1404	1.20336460114e-05
1405	1.1249616548e-05
1406	1.1312363798e-05
1407	1.1493714108e-05
1408	1.12287840909e-05
1409	9.58807682753e-06
1410	1.00965053191e-05
1411	1.14886922395e-05
1412	1.05602103399e-05
1413	1.09805302548e-05
1414	1.15593787129e-05
1415	1.19670909894e-05
1416	1.10528997175e-05
1417	1.02790248765e-05
1418	1.03891752468e-05
1419	1.1079156272e-05
1420	1.01428133803e-05
1421	9.68562086558e-06
1422	8.25720077355e-06
1423	8.86381711173e-06
1424	8.36986235954e-06
1425	8.88782894736e-06
1426	1.01427969846e-05
1427	8.17596408548e-06
1428	8.82112955181e-06
1429	8.9846362841e-06
1430	9.6954667832e-06
1431	9.11809206847e-06
1432	8.79012709496e-06
1433	9.44936095602e-06
1434	8.34059030682e-06
1435	9.21594337978e-06
1436	8.80665111419e-06
1437	8.68394102295e-06
1438	9.62677016688e-06
1439	9.0151269979e-06
1440	1.10619722222e-05
1441	1.04307510409e-05
1442	9.93355374478e-06
1443	1.05839617117e-05
1444	1.06247430748e-05
1445	1.02156410034e-05
1446	9.95025829874e-06
1447	9.64999706287e-06
1448	8.92197375689e-06
1449	1.00120705659e-05
1450	9.77514655171e-06
1451	9.955502929e-06
1452	1.06672913223e-05
1453	1.04696347213e-05
1454	9.81764202199e-06
1455	1.05095008591e-05
1456	7.66050549449e-06
1457	6.81274416608e-06
1458	5.4675174897e-06
1459	6.20364136393e-06
1460	6.18122260273e-06
1461	6.69203097192e-06
1462	7.16110088918e-06
1463	7.87970044428e-06
1464	7.71685382512e-06
1465	8.34740358361e-06
1466	8.20424181445e-06
1467	8.61342246079e-06
1468	8.72981130789e-06
1469	8.26741678011e-06
1470	8.52265816325e-06
1471	7.73540431678e-06
1472	7.73998097825e-06
1473	7.93124524778e-06
1474	8.49063534598e-06
1475	9.62553813558e-06
1476	1.08374939024e-05
1477	1.04993996276e-05
1478	9.9263095399e-06
1479	1.06629869844e-05
1480	1.01263716216e-05
1481	1.05074289331e-05
1482	1.11099692982e-05
1483	1.18222837154e-05
1484	1.1446037062e-05
1485	1.13006001683e-05
1486	1.16614155451e-05
1487	1.24010327841e-05
1488	1.35865645161e-05
1489	1.40062325386e-05
1490	1.42011761745e-05
1491	1.50149059356e-05
1492	1.52390730563e-05
1493	1.65734556262e-05
1494	1.73310853413e-05
1495	1.7670979097e-05
1496	1.74161671123e-05
1497	1.72899520708e-05
1498	1.80010216956e-05
1499	1.82154788192e-05
1500	1.82603166667e-05
1501	1.92864405396e-05
1502	2.01307719707e-05
1503	1.96120370925e-05
1504	1.98785664893e-05
1505	2.04224825581e-05
1506	2.03288901062e-05
1507	2.09281889515e-05
1508	2.18953932361e-05
1509	2.25564779655e-05
1510	2.30809254967e-05
1511	2.25391593316e-05
1512	2.32983743386e-05
1513	2.32568501322e-05
1514	2.41757506605e-05
1515	2.36967384488e-05
1516	2.38859043535e-05
1517	2.22864227093e-05
1518	2.2598139328e-05
1519	2.30549359776e-05
1520	2.28966578947e-05
1521	2.17241237672e-05
1522	2.17876902102e-05
1523	2.34197877544e-05
1524	2.35326830709e-05
1525	2.37549385246e-05
1526	2.3189222477e-05
1527	2.35941229535e-05
1528	2.28754568063e-05
1529	2.33428189993e-05
1530	2.48056486928e-05
1531	2.35363257675e-05
1532	2.45029941253e-05
1533	2.50952767449e-05
1534	2.39612330508e-05
1535	2.45172662866e-05
1536	2.50185390625e-05
1537	2.56030892973e-05
1538	2.63201693758e-05
1539	2.5894667154e-05
1540	2.56567305195e-05
1541	2.56656958144e-05
1542	2.64165431258e-05
1543	2.81852117628e-05
1544	2.82087137306e-05
1545	2.89292726537e-05
1546	2.92213444372e-05
1547	2.93391536845e-05
1548	2.95349760982e-05
1549	2.90133087476e-05
1550	2.91123145161e-05
1551	2.98823725016e-05
1552	2.97487319587e-05
1553	2.9771090953e-05
1554	2.95578999356e-05
1555	3.02948223473e-05
1556	3.0109846401e-05
1557	2.95243373474e-05
1558	2.89697467907e-05
1559	2.93459510904e-05
1560	3.07460320513e-05
1561	3.19194633248e-05
1562	3.14774356594e-05
1563	3.06175475048e-05
1564	3.13246157289e-05
1565	3.11962755591e-05
1566	3.02264645594e-05
1567	2.985457291e-05
1568	2.92790739796e-05
1569	2.84831486616e-05
1570	2.90239060509e-05
1571	2.92469794717e-05
1572	2.97598454198e-05
1573	2.78276854736e-05
1574	2.77607506353e-05
1575	2.80780277778e-05
1576	2.86931256345e-05
1577	2.93454903297e-05
1578	2.87200953739e-05
1579	2.96882727992e-05
1580	2.86292753164e-05
1581	2.87993214737e-05
1582	2.88762323009e-05
1583	2.76087629501e-05
1584	2.79773636363e-05
1585	2.74931332807e-05
1586	2.58821491173e-05
1587	2.55655707309e-05
1588	2.53488872796e-05
1589	2.37391474197e-05
1590	2.43534449685e-05
1591	2.52718100251e-05
1592	2.54358806532e-05
1593	2.58690484934e-05
1594	2.46517355709e-05
1595	2.39920619122e-05
1596	2.4189731203e-05
1597	2.34829575767e-05
1598	2.44322625156e-05
1599	2.44085226704e-05
1600	2.40854375e-05
1601	2.43555104622e-05
1602	2.49691913233e-05
1603	2.50998856831e-05
1604	2.58507412718e-05
1605	2.54872655763e-05
1606	2.57556248443e-05
1607	2.49141292781e-05
1608	2.38933320895e-05
1609	2.38626166874e-05
1610	2.26921878882e-05
1611	2.21638080385e-05
1612	2.19319894541e-05
1613	2.18343702728e-05
1614	2.17821013011e-05
1615	2.10939837461e-05
1616	2.18751584158e-05
1617	2.24135610699e-05
1618	2.12220027812e-05
1619	2.06032567943e-05
1620	1.97994722222e-05
1621	1.9888721314e-05
1622	1.99920403822e-05
1623	1.90989289895e-05
1624	1.95178780788e-05
1625	1.873385e-05
1626	1.68486952644e-05
1627	1.63463126921e-05
1628	1.67714514742e-05
1629	1.67583764579e-05
1630	1.59397960123e-05
1631	1.55127772839e-05
1632	1.45115269608e-05
1633	1.46303026638e-05
1634	1.45212708078e-05
1635	1.49316383792e-05
1636	1.39845360636e-05
1637	1.48736550092e-05
1638	1.55693806471e-05
1639	1.55278326723e-05
1640	1.65070670732e-05
1641	1.60262414686e-05
1642	1.70989856882e-05
1643	1.55179590688e-05
1644	1.55483448905e-05
1645	1.55507302431e-05
1646	1.57262597205e-05
1647	1.60029725258e-05
1648	1.53800776699e-05
1649	1.44844392056e-05
1650	1.28310984848e-05
1651	1.33947817989e-05
1652	1.38070562954e-05
1653	1.39895518754e-05
1654	1.18175341596e-05
1655	1.17538814199e-05
1656	1.21498466183e-05
1657	1.25700773989e-05
1658	1.25760497587e-05
1659	1.24047997287e-05
1660	1.32831536144e-05
1661	1.30033156231e-05
1662	1.39957758724e-05
1663	1.39431459711e-05
1664	1.28118533654e-05
1665	1.25654031531e-05
1666	1.25479402761e-05
1667	1.38568330834e-05
1668	1.3619192446e-05
1669	1.31984932594e-05
1670	1.21106332335e-05
1671	1.33268879413e-05
1672	1.101190311e-05
1673	1.05800204722e-05
1674	1.10584507168e-05
1675	1.04736231343e-05
1676	9.69736933173e-06
1677	9.27624522956e-06
1678	9.37171364719e-06
1679	9.10971277545e-06
1680	9.03790476189e-06
1681	7.96023334324e-06
1682	6.59133442329e-06
1683	8.12364631609e-06
1684	9.47658491685e-06
1685	9.59646364984e-06
1686	8.77017408065e-06
1687	9.27147940129e-06
1688	8.01508175354e-06
1689	8.63879825339e-06
1690	9.34580029585e-06
1691	9.80773196333e-06
1692	7.44654078013e-06
1693	6.83875915534e-06
1694	6.37278128689e-06
1695	7.5356718289e-06
1696	9.12466745282e-06
1697	1.00376595462e-05
1698	1.16356775618e-05
1699	1.16550045615e-05
1700	1.0481367647e-05
1701	1.03214563492e-05
1702	9.40732638072e-06
1703	1.06751272754e-05
1704	9.12805985914e-06
1705	8.32239662755e-06
1706	8.6056028722e-06
1707	9.62075615113e-06
1708	8.91809309132e-06
1709	9.69957592158e-06
1710	9.72985233917e-06
1711	9.13531253652e-06
1712	9.41237850466e-06
1713	1.11695646526e-05
1714	1.0408947783e-05
1715	9.50461151602e-06
1716	1.00494644522e-05
1717	1.05022441759e-05
1718	1.01803408032e-05
1719	8.96294226293e-06
1720	9.01091279068e-06
1721	9.22791531085e-06
1722	1.00207401277e-05
1723	9.41566265234e-06
1724	9.7550226218e-06
1725	9.88413405796e-06
1726	9.36593482038e-06
1727	8.79795932251e-06
1728	8.69071064813e-06
1729	7.7576751012e-06
1730	7.73670086704e-06
1731	7.04850649912e-06
1732	7.60648787528e-06
1733	7.36578721868e-06
1734	6.73090051902e-06
1735	7.04487247838e-06
1736	7.59062557603e-06
1737	7.3614267415e-06
1738	7.19808429228e-06
1739	8.33797742955e-06
1740	8.54322701148e-06
1741	8.55869457207e-06
1742	8.68378846153e-06
1743	9.48917484222e-06
1744	9.7770091743e-06
1745	1.03206740688e-05
1746	9.73542296677e-06
1747	9.74614811104e-06
1748	9.93249027459e-06
1749	9.70981432246e-06
1750	1.01376785714e-05
1751	1.05684807253e-05
1752	9.610663242e-06
1753	9.61571833998e-06
1754	9.85109834663e-06
1755	8.43264886039e-06
1756	8.35920899771e-06
1757	7.98989371086e-06
1758	6.304730091e-06
1759	5.10869115974e-06
1760	5.08957954544e-06
1761	5.37429429301e-06
1762	6.66379370033e-06
1763	6.63759316505e-06
1764	6.06890532879e-06
1765	5.63400637393e-06
1766	6.81851274065e-06
1767	6.74248203168e-06
1768	7.85375452488e-06
1769	7.98355582249e-06
1770	8.16066807909e-06
1771	8.68032453416e-06
1772	8.2321258465e-06
1773	8.07377284263e-06
1774	7.95787570462e-06
1775	7.7012640845e-06
1776	7.98041441441e-06
1777	7.21310537422e-06
1778	6.42866169853e-06
1779	6.60687619449e-06
1780	6.62702528089e-06
1781	6.79706751824e-06
1782	6.49441610549e-06
1783	7.29586189007e-06
1784	7.85201457399e-06
1785	7.86804831932e-06
1786	7.37118617021e-06
1787	6.12278161723e-06
1788	5.31257438479e-06
1789	6.58991349916e-06
1790	5.31833938547e-06
1791	6.07610259631e-06
1792	6.482015625e-06
1793	6.80716355271e-06
1794	5.9128854515e-06
1795	5.21347562674e-06
1796	5.35226113586e-06
1797	5.14921160267e-06
1798	5.42414098999e-06
1799	4.92055461367e-06
1800	3.83030555556e-06
1801	4.17935716269e-06
1802	3.98695588235e-06
1803	3.83581073211e-06
1804	4.0950327051e-06
1805	4.93679293629e-06
1806	5.71228322259e-06
1807	4.80954939126e-06
1808	5.13347787611e-06
1809	6.05737990603e-06
1810	7.6084378453e-06
1811	7.39466855328e-06
1812	8.48135596026e-06
1813	8.61979550469e-06
1814	8.7972224366e-06
1815	9.99649242424e-06
1816	9.71151211454e-06
1817	8.2022995322e-06
1818	8.86966474148e-06
1819	7.91287671798e-06
1820	8.60549175824e-06
1821	9.33249162548e-06
1822	1.0194807629e-05
1823	1.05904617389e-05
1824	9.87000219298e-06
1825	1.0548140411e-05
1826	9.61491155531e-06
1827	9.27000588396e-06
1828	9.17547757112e-06
1829	8.88531724986e-06
1830	7.31623907104e-06
1831	6.37585458766e-06
1832	5.69359279476e-06
1833	5.37759642662e-06
1834	5.77895665213e-06
1835	6.00004291553e-06
1836	6.26173801743e-06
1837	6.7637578933e-06
1838	7.363164037e-06
1839	8.1098247689e-06
1840	8.01763043478e-06
1841	8.48121252037e-06
1842	8.8123694354e-06
1843	7.7644366522e-06
1844	8.48011334056e-06
1845	7.72997357723e-06
1846	6.83709290357e-06
1847	7.23213088792e-06
1848	7.32587554112e-06
1849	7.08961073553e-06
1850	6.43792567568e-06
1851	6.46225540248e-06
1852	6.63072732181e-06
1853	6.27176430113e-06
1854	4.91210976268e-06
1855	4.72966239892e-06
1856	4.96820905172e-06
1857	4.61683804524e-06
1858	3.685651507e-06
1859	3.81732799893e-06
1860	2.55423924731e-06
1861	2.49777391188e-06
1862	2.19432303974e-06
1863	1.70118183038e-06
1864	2.6356083691e-06
1865	1.9486575067e-06
1866	1.9709102358e-06
1867	2.44734373326e-06
1868	2.58600802998e-06
1869	2.00488777421e-06
1870	2.80085962567e-06
1871	2.63072140567e-06
1872	2.21236752137e-06
1873	2.59584850508e-06
1874	3.29749012807e-06
1875	3.81385e-06
1876	4.62550159915e-06
1877	5.54124307406e-06
1878	5.67006682642e-06
1879	5.88922711549e-06
1880	7.00070744681e-06
1881	6.35927817651e-06
1882	4.65317454836e-06
1883	5.09174017526e-06
1884	5.19226061572e-06
1885	5.49320490717e-06
1886	5.43805063627e-06
1887	5.97595959195e-06
1888	5.75535381356e-06
1889	6.43863433034e-06
1890	6.89103306879e-06
1891	6.51905063459e-06
1892	6.88583350952e-06
1893	6.29977245114e-06
1894	5.98360163675e-06
1895	6.09045580476e-06
1896	5.30584704642e-06
1897	4.46882353717e-06
1898	4.68062723921e-06
1899	5.92906937863e-06
1900	5.49830263159e-06
1901	5.49039834298e-06
1902	5.19491035752e-06
1903	5.148287835e-06
1904	4.90528571429e-06
1905	5.62684317586e-06
1906	5.7815364638e-06
1907	5.04671250656e-06
1908	5.10144287212e-06
1909	5.50603732321e-06
1910	5.92800916231e-06
1911	5.79956554161e-06
1912	4.80410146444e-06
1913	4.71924424987e-06
1914	4.56551018809e-06
1915	3.68765469974e-06
1916	3.67136273487e-06
1917	4.38122235264e-06
1918	3.78481517206e-06
1919	3.45010304847e-06
1920	2.70740625e-06
1921	3.29760137949e-06
1922	3.59061628512e-06
1923	2.36382566303e-06
1924	1.76408991684e-06
1925	2.33588636364e-06
1926	2.33128426791e-06
1927	2.95668175921e-06
1928	3.04304875519e-06
1929	2.66172641265e-06
1930	2.84608419689e-06
1931	2.69363788193e-06
1932	1.79083178054e-06
1933	1.46267938438e-06
1934	6.47275853156e-07
1935	1.041500646e-06
1936	9.05359504134e-07
1937	6.85724445018e-07
1938	1.27900954592e-06
1939	1.09963525013e-06
1940	7.69930412372e-07
1941	2.13453748068e-06
1942	2.45602960865e-06
1943	3.21054130211e-06
1944	2.79452366255e-06
1945	2.94345822622e-06
1946	4.07117086331e-06
1947	4.37440716487e-06
1948	4.80258880904e-06
1949	4.6310493843e-06
1950	3.84173717949e-06
1951	2.32899013327e-06
1952	2.37875614754e-06
1953	1.4791624424e-06
1954	1.14957855681e-06
1955	7.05242327365e-07
1956	5.71687627812e-07
1957	5.10829458355e-07
1958	1.06494662921e-06
1959	3.07484558447e-07
1960	4.19331632652e-07
1961	2.0032726925e-06
1962	1.61770922528e-06
1963	1.21674643403e-06
1964	1.56211863544e-06
1965	1.70103244275e-06
1966	1.69992700915e-06
1967	1.90675355872e-06
1968	2.88217073171e-06
1969	3.56355497715e-06
1970	3.20516116751e-06
1971	2.52445218163e-06
1972	1.71563032454e-06
1973	1.56500291434e-06
1974	1.63185334347e-06
1975	1.56192721519e-06
1976	6.74764170041e-07
1977	4.32909332323e-07
1978	2.28205005056e-07
1979	1.71762127337e-07
1980	8.29573232324e-07
1981	3.51351463907e-07
1982	5.96619323914e-07
1983	1.57351613718e-07
1984	4.14594758065e-07
1985	2.3379534005e-07
1986	9.12078801612e-07
1987	1.73118306492e-06
1988	1.53990593561e-06
1989	1.14570399698e-06
1990	1.15993844221e-06
1991	5.75966725265e-07
1992	7.54406626504e-07
1993	9.18367160058e-07
1994	4.87378886659e-07
1995	6.15719924811e-07
1996	3.76697895791e-07
1997	3.55825363046e-07
1998	9.32960710711e-07
1999	6.84606178089e-07
2000	0.0
