1	0.0009306055
2	0.0006976055
3	0.000892272166667
4	0.0005271055
5	0.0003214055
6	0.0004521055
7	0.000696034071429
8	0.0005611055
9	0.000460494388889
10	0.0001817055
11	0.000149787318182
12	0.0002643555
13	0.000233297807692
14	0.000342676928571
15	0.000373872166667
16	0.000291793
17	0.000327546676471
18	0.000229161055556
19	0.000150710763158
20	0.0002036555
21	0.00034841502381
22	0.000313196409091
23	0.000334909847826
24	0.000254647166667
25	0.0002389255
26	0.000257643961538
27	0.000336642537037
28	0.0002848555
29	0.0002536055
30	0.000260672166667
31	0.000419476467742
32	0.00040682425
33	0.000353393378788
34	0.000385017264706
35	0.000339062642857
36	0.000338966611111
37	0.000352173067568
38	0.000359368657895
39	0.0003346055
40	0.0003657055
41	0.000317142085366
42	0.000328319785714
43	0.000305093872093
44	0.000303332772727
45	0.000310872166667
46	0.000339018543478
47	0.00032030762766
48	0.000317897166667
49	0.000306034071429
50	0.0002801055
51	0.000261860401961
52	0.000247970884615
53	0.000279096066038
54	0.000261753648148
55	0.000241841863636
56	0.000202123357143
57	0.000188394973684
58	0.000192519293103
59	0.000176419059322
60	0.000157288833333
61	0.000191900581967
62	0.000175573241935
63	0.000174510261905
64	0.0001802305
65	0.000172897807692
66	0.000150999439394
67	0.000133709977612
68	0.000138781970588
69	0.00013692434058
70	0.000163348357143
71	0.00016398578169
72	0.000138911055556
73	0.000123947965753
74	0.000141348743243
75	0.0001480855
76	0.000171894973684
77	0.000165852253247
78	0.000157541397436
79	0.00018325106962
80	0.0001729055
81	0.000194025253086
82	0.000175934768293
83	0.000166617548193
84	0.000162962642857
85	0.000153123147059
86	0.000151093872093
87	0.000154410097701
88	0.000154241863636
89	0.000130066174157
90	0.000127549944444
91	0.000105506598901
92	9.02794130435e-05
93	0.000108863564516
94	0.000103116138298
95	9.00686578947e-05
96	6.54909166666e-05
97	6.3811685567e-05
98	4.28606020408e-05
99	4.84337828283e-05
100	4.94055e-05
101	5.81302524752e-05
102	6.85074607843e-05
103	5.85860825242e-05
104	6.22401153846e-05
105	4.80340714285e-05
106	4.81998396226e-05
107	6.3867182243e-05
108	5.24943888889e-05
109	5.8972472477e-05
110	4.41236818182e-05
111	4.30289234234e-05
112	4.10697857143e-05
113	2.07647920354e-05
114	3.57809385965e-05
115	4.48402826087e-05
116	3.67692931034e-05
117	2.22978076923e-05
118	8.81736440676e-06
119	6.9500378151e-06
120	8.18883333331e-06
121	2.76881446281e-05
122	2.61218934426e-05
123	1.58168821138e-05
124	2.34603387097e-05
125	9.07749999998e-06
126	1.79926190478e-06
127	7.42439763777e-06
128	9.18362499998e-06
129	4.77604263564e-06
130	1.75603846156e-06
131	1.17380114504e-05
132	1.19399545455e-05
133	1.50711917293e-05
134	2.0722858209e-05
135	2.86389444445e-05
136	3.53283235294e-05
137	4.79127481752e-05
138	4.60321811594e-05
139	5.10060107914e-05
140	4.23016428572e-05
141	5.20115212766e-05
142	3.92395704226e-05
143	4.11637307693e-05
144	4.10750555556e-05
145	2.27600172414e-05
146	2.24561438356e-05
147	1.08162687075e-05
148	1.21512567568e-05
149	8.02537248324e-06
150	7.42783333335e-06
151	8.46072516559e-06
152	2.03710526336e-07
153	1.94747810457e-05
154	2.08652402597e-05
155	1.77409838709e-05
156	8.82985897434e-06
157	6.34991401276e-06
158	3.20043670884e-06
159	2.54544339625e-06
160	4.74249999979e-07
161	2.50630124226e-06
162	1.15735123457e-05
163	2.24681196319e-05
164	2.58091341464e-05
165	2.25096515152e-05
166	2.02920903615e-05
167	3.02986916168e-05
168	3.62278333334e-05
169	3.94122514793e-05
170	3.62062647059e-05
171	2.40728625731e-05
172	2.34875232558e-05
173	2.926733237e-05
174	3.09577183908e-05
175	2.22002142857e-05
176	1.32354090909e-05
177	1.01515621469e-05
178	1.07034887641e-05
179	7.00343854751e-06
180	3.62216666665e-06
181	6.32069060792e-07
182	1.08033021978e-05
183	3.99894262293e-06
184	3.35549999998e-06
185	1.08202702687e-07
186	3.08937096772e-06
187	5.26860160426e-06
188	2.24024468087e-06
189	7.2886798942e-06
190	5.69976315791e-06
191	2.49921204191e-06
192	2.3825000002e-07
193	5.36197668392e-06
194	2.86872680414e-06
195	9.30219230771e-06
196	1.53179693878e-05
197	2.51203883249e-05
198	1.60005606061e-05
199	1.56708819096e-05
200	1.42995e-05
201	1.34741019901e-05
202	1.34242029703e-05
203	1.05324310345e-05
204	1.56150882353e-05
205	1.47408414634e-05
206	1.67003252427e-05
207	2.17519879227e-05
208	2.09762307692e-05
209	1.81504808613e-05
210	2.98373571429e-05
211	3.9422936019e-05
212	5.27671415094e-05
213	5.08029507042e-05
214	5.19318831776e-05
215	5.63572906977e-05
216	5.68157962963e-05
217	5.42516428572e-05
218	4.02156009174e-05
219	3.52118515982e-05
220	3.24399545455e-05
221	4.12813778281e-05
222	3.49800855856e-05
223	2.77756659193e-05
224	3.06177142857e-05
225	2.99945e-05
226	3.59343230089e-05
227	3.28878920705e-05
228	4.29734473684e-05
229	5.45560720524e-05
230	5.07771086957e-05
231	5.30178766234e-05
232	4.95841551724e-05
233	5.2064027897e-05
234	4.9253474359e-05
235	5.63689680851e-05
236	6.17631440678e-05
237	6.65463987342e-05
238	6.42306344538e-05
239	6.32898974896e-05
240	6.60403333333e-05
241	6.17637946058e-05
242	6.09027644628e-05
243	5.77895617284e-05
244	5.70010573771e-05
245	6.26149081633e-05
246	5.42278333333e-05
247	5.46859979757e-05
248	5.78259516129e-05
249	5.78683955823e-05
250	5.99385e-05
251	6.46096394422e-05
252	6.43111666667e-05
253	5.84300731225e-05
254	5.81228464567e-05
255	6.09160686275e-05
256	5.85116875e-05
257	6.37913871595e-05
258	6.73208565892e-05
259	7.59002915058e-05
260	8.14252692308e-05
261	7.9363848659e-05
262	8.05357213741e-05
263	7.52804315589e-05
264	7.43376818182e-05
265	7.00661981132e-05
266	6.95862293233e-05
267	5.61885074906e-05
268	5.31631567164e-05
269	5.33684776952e-05
270	5.55463518519e-05
271	5.80697767528e-05
272	5.86886176471e-05
273	6.35703241758e-05
274	7.0989390511e-05
275	6.45108636364e-05
276	6.34488478261e-05
277	7.07591209386e-05
278	6.70887446043e-05
279	6.6000234767e-05
280	6.17373571429e-05
281	6.2985247331e-05
282	6.65469822695e-05
283	6.75464434629e-05
284	6.10212605634e-05
285	6.34787105263e-05
286	6.53035909091e-05
287	6.73910156795e-05
288	6.64326944445e-05
289	6.95363685121e-05
290	7.34634655172e-05
291	7.02707886598e-05
292	7.63568287671e-05
293	8.23501313993e-05
294	7.99251122449e-05
295	8.09639915254e-05
296	8.36309864865e-05
297	7.73439949495e-05
298	6.68206744967e-05
299	6.28560384615e-05
300	6.30178333333e-05
301	6.84210780731e-05
302	7.21163543046e-05
303	7.58466452145e-05
304	7.0134631579e-05
305	6.78338442623e-05
306	6.83062647059e-05
307	7.07625781759e-05
308	6.86996948052e-05
309	7.66533996764e-05
310	7.06719193549e-05
311	7.0278744373e-05
312	7.22406538462e-05
313	6.92762891374e-05
314	6.83722070064e-05
315	6.4302436508e-05
316	6.40305759494e-05
317	6.56784116719e-05
318	6.86114811321e-05
319	7.005280721e-05
320	7.5116375e-05
321	7.35751853583e-05
322	7.48075434783e-05
323	7.28403204335e-05
324	7.02031419753e-05
325	7.03421923077e-05
326	7.48484877301e-05
327	6.75351727829e-05
328	6.50286463415e-05
329	6.46407006079e-05
330	6.72641969697e-05
331	6.56180649547e-05
332	6.68734156627e-05
333	6.39650705706e-05
334	6.43286317365e-05
335	7.07377835821e-05
336	7.77665238095e-05
337	8.09019183976e-05
338	7.32021923077e-05
339	7.60552669617e-05
340	7.62239117647e-05
341	7.69340894428e-05
342	7.79939152047e-05
343	8.03332755102e-05
344	8.75631046512e-05
345	8.84872536232e-05
346	8.3007216763e-05
347	8.5333981268e-05
348	8.8710591954e-05
349	8.97440702006e-05
350	9.31916428572e-05
351	9.4790511396e-05
352	9.85081363637e-05
353	9.47486076487e-05
354	9.68436525424e-05
355	9.57156267606e-05
356	9.54338258427e-05
357	9.82180294118e-05
358	9.78386340782e-05
359	9.29293189415e-05
360	9.04500555556e-05
361	9.347483241e-05
362	9.33945e-05
363	9.64027644628e-05
364	0.000102677467033
365	9.78383356165e-05
366	0.000100200510929
367	0.000104470794278
368	0.000105837434783
369	0.0001051045271
370	0.000111299905405
371	0.000115634392183
372	0.000111851489247
373	0.00011221219437
374	0.000110814286096
375	0.0001096345
376	0.000110078010638
377	0.000111980706897
378	0.000110611431217
379	9.98351332454e-05
380	9.99050263158e-05
381	0.000100809198163
382	9.77924057592e-05
383	9.27443694517e-05
384	9.05455416667e-05
385	8.73555389611e-05
386	8.68012357513e-05
387	8.69397196383e-05
388	8.40852216495e-05
389	8.4715836761e-05
390	8.73021923077e-05
391	8.18702033248e-05
392	7.60220510204e-05
393	7.92952633588e-05
394	8.01381548224e-05
395	8.36527278481e-05
396	8.22253080808e-05
397	7.91350541562e-05
398	7.72261582915e-05
399	7.22767055138e-05
400	6.5357e-05
401	6.44294127182e-05
402	6.16656442786e-05
403	5.56674528536e-05
404	5.55281633664e-05
405	5.73056111111e-05
406	5.36284901478e-05
407	5.22200528256e-05
408	5.29484215687e-05
409	5.21206613692e-05
410	5.56774268293e-05
411	5.04017992701e-05
412	5.20741116505e-05
413	5.14598753027e-05
414	5.178097343e-05
415	5.32957048193e-05
416	5.66204615385e-05
417	6.14808309353e-05
418	5.93346913876e-05
419	6.61271968974e-05
420	6.75825952381e-05
421	6.60738349169e-05
422	6.4614879147e-05
423	6.7186462175e-05
424	6.97529905661e-05
425	6.63592058824e-05
426	6.64156267606e-05
427	7.08183875879e-05
428	7.27776775701e-05
429	7.52523088578e-05
430	7.30665930233e-05
431	7.71439199536e-05
432	6.71676481482e-05
433	6.63552390301e-05
434	6.6399108295e-05
435	6.58036954023e-05
436	6.64380779817e-05
437	6.93441567506e-05
438	6.69036324201e-05
439	6.59115842825e-05
440	6.58876818182e-05
441	6.71405317461e-05
442	6.92316040724e-05
443	6.9006238149e-05
444	6.7867472973e-05
445	7.30821404495e-05
446	7.4062661435e-05
447	7.33117259508e-05
448	7.57516428572e-05
449	7.20225623608e-05
450	7.28989444445e-05
451	7.27027039912e-05
452	7.45759159292e-05
453	7.70214315674e-05
454	7.72006674009e-05
455	7.9183510989e-05
456	8.05151140351e-05
457	7.56461411379e-05
458	7.50386048035e-05
459	7.34206437909e-05
460	7.60662391305e-05
461	7.03077321042e-05
462	6.75351926407e-05
463	6.74657742981e-05
464	6.47350172414e-05
465	6.67342849463e-05
466	6.82700364807e-05
467	7.3428761242e-05
468	7.21338162393e-05
469	7.7552282516e-05
470	7.59689680851e-05
471	7.20399352442e-05
472	7.3112720339e-05
473	7.52021109937e-05
474	7.86961877637e-05
475	7.88260789474e-05
476	7.95016428572e-05
477	8.35915649896e-05
478	8.52355041841e-05
479	8.69101576201e-05
480	8.517575e-05
481	8.47520883576e-05
482	8.08965746888e-05
483	8.07878747412e-05
484	7.7491607438e-05
485	7.79017164949e-05
486	7.9552936214e-05
487	7.66306396304e-05
488	7.54764672131e-05
489	7.76501237219e-05
490	7.88679693878e-05
491	7.50014246436e-05
492	7.31810853659e-05
493	7.5240341785e-05
494	7.43256740891e-05
495	7.83763181819e-05
496	7.8582e-05
497	7.48291076459e-05
498	6.73603634538e-05
499	6.76830771543e-05
500	6.51945e-05
501	6.83545798404e-05
502	7.22610338646e-05
503	6.9718555666e-05
504	6.8771484127e-05
505	6.87667772278e-05
506	6.59814565218e-05
507	6.64457820513e-05
508	6.80893818898e-05
509	7.07559931238e-05
510	7.08768529412e-05
511	7.16078072407e-05
512	7.0535125e-05
513	6.94490808967e-05
514	7.0254422179e-05
515	6.90236262136e-05
516	7.31968255814e-05
517	7.38180976789e-05
518	7.54987471043e-05
519	7.10245578035e-05
520	7.12252692308e-05
521	6.61046727447e-05
522	6.69117413793e-05
523	6.83218422562e-05
524	7.03009885496e-05
525	7.19183095238e-05
526	7.09534353612e-05
527	7.1320496205e-05
528	7.56369242424e-05
529	7.66591502836e-05
530	7.52831792453e-05
531	7.58069293786e-05
532	7.02798383459e-05
533	6.40080084428e-05
534	6.39431891386e-05
535	6.46057149533e-05
536	6.31948731344e-05
537	6.55378891993e-05
538	6.09409684015e-05
539	5.85095278293e-05
540	5.84130185185e-05
541	6.23076238448e-05
542	6.17081531366e-05
543	6.20851077348e-05
544	6.11592058824e-05
545	5.94807385321e-05
546	6.07736208791e-05
547	6.48881014625e-05
548	6.57649379562e-05
549	6.62961393443e-05
550	6.70508636364e-05
551	6.83418684211e-05
552	6.97803695652e-05
553	6.93999249548e-05
554	7.28096624549e-05
555	7.1212518018e-05
556	7.20527733813e-05
557	6.60497962298e-05
558	6.67851810036e-05
559	6.59580062612e-05
560	6.38427142857e-05
561	6.3715355615e-05
562	6.40208345196e-05
563	6.11742513322e-05
564	6.10558475178e-05
565	6.20582168142e-05
566	6.33679982332e-05
567	6.40876216931e-05
568	6.66533028169e-05
569	6.46018813708e-05
570	6.63927456141e-05
571	6.81002793345e-05
572	6.55588356644e-05
573	6.75079380454e-05
574	6.42411898955e-05
575	6.23579782609e-05
576	6.2441375e-05
577	6.05660771231e-05
578	6.15727006921e-05
579	6.17641027634e-05
580	6.24134655173e-05
581	5.78282349398e-05
582	5.47879707904e-05
583	5.04991312179e-05
584	4.73962123288e-05
585	4.70081752137e-05
586	4.41880153584e-05
587	4.3587004259e-05
588	4.38179693878e-05
589	4.35252300509e-05
590	4.12521271187e-05
591	3.7636462775e-05
592	3.9296527027e-05
593	3.49020885329e-05
594	3.5325476431e-05
595	3.58180294118e-05
596	3.74549026846e-05
597	3.87077328308e-05
598	3.86185802676e-05
599	3.95147003339e-05
600	4.31261666667e-05
601	4.19069792013e-05
602	4.3844666113e-05
603	4.06449145937e-05
604	4.27057582782e-05
605	4.58556570248e-05
606	4.57426848185e-05
607	4.0689392916e-05
608	4.31296973684e-05
609	4.47426116585e-05
610	4.48420409836e-05
611	4.64337798691e-05
612	4.55807745098e-05
613	4.33341411093e-05
614	4.17104609121e-05
615	4.11587276423e-05
616	4.52110584416e-05
617	4.696176094e-05
618	4.87035614887e-05
619	4.80665516963e-05
620	5.20428870968e-05
621	5.23091537842e-05
622	5.42642749196e-05
623	5.42323812199e-05
624	5.11621282051e-05
625	5.11465e-05
626	5.22219760383e-05
627	5.00659513557e-05
628	5.07591496815e-05
629	5.01687448331e-05
630	5.20103730159e-05
631	5.1806544374e-05
632	5.0229943038e-05
633	5.12096658768e-05
634	4.79859826498e-05
635	4.99330826772e-05
636	5.22781477987e-05
637	5.03489740973e-05
638	5.20747507837e-05
639	5.35071760563e-05
640	5.16429375e-05
641	4.80606466459e-05
642	4.62543130841e-05
643	4.43571749611e-05
644	4.49410838509e-05
645	4.42069031008e-05
646	4.25105990712e-05
647	4.4052923493e-05
648	4.79515987654e-05
649	5.12188451464e-05
650	5.16621923077e-05
651	5.36786781874e-05
652	5.45662791411e-05
653	5.3238297856e-05
654	5.29633073394e-05
655	5.12693091603e-05
656	4.9838097561e-05
657	4.88237237443e-05
658	4.90115212766e-05
659	4.90090675266e-05
660	4.98990454545e-05
661	5.18196134645e-05
662	5.49926873112e-05
663	5.65347714932e-05
664	5.61475120482e-05
665	5.81538984962e-05
666	5.66557612613e-05
667	5.62760592204e-05
668	5.74498892216e-05
669	5.76306733931e-05
670	5.8442261194e-05
671	5.8132204918e-05
672	5.8607297619e-05
673	5.67823157504e-05
674	5.61853011869e-05
675	5.48567222222e-05
676	5.51149142012e-05
677	5.44033626292e-05
678	5.52322581121e-05
679	5.27980346097e-05
680	5.36180294118e-05
681	5.18100653451e-05
682	5.51613621701e-05
683	5.67019670571e-05
684	5.40216929825e-05
685	5.61215072993e-05
686	5.66875029154e-05
687	5.89752860262e-05
688	5.85151395349e-05
689	5.56746161103e-05
690	5.82234855072e-05
691	5.86535448625e-05
692	6.02124190751e-05
693	5.76773282828e-05
694	5.65587651297e-05
695	5.93052913669e-05
696	6.14318563218e-05
697	5.84906262554e-05
698	5.99116919771e-05
699	6.12886344778e-05
700	6.06130714286e-05
701	5.97168965763e-05
702	5.86281182336e-05
703	5.84599338549e-05
704	5.96516022727e-05
705	6.17306702128e-05
706	6.20205623229e-05
707	6.28683330976e-05
708	6.27504322034e-05
709	6.25834985896e-05
710	6.27114014085e-05
711	5.67742468354e-05
712	5.85518033708e-05
713	5.22065617111e-05
714	5.24043039216e-05
715	5.36700244755e-05
716	5.61333268156e-05
717	5.70095627615e-05
718	5.53457534819e-05
719	5.28854596662e-05
720	5.50528333333e-05
721	5.45290353676e-05
722	5.65994861496e-05
723	5.48191196404e-05
724	5.63793066298e-05
725	5.71600172414e-05
726	5.71190179063e-05
727	5.47273748281e-05
728	5.41513681319e-05
729	5.63917565158e-05
730	5.91191575343e-05
731	6.11482619699e-05
732	6.35830245902e-05
733	6.28624399727e-05
734	6.12568978202e-05
735	6.14325952381e-05
736	5.82762934783e-05
737	5.83117320217e-05
738	6.01749878049e-05
739	6.16556637348e-05
740	5.80390945946e-05
741	5.60935553306e-05
742	5.54214541779e-05
743	5.50930195155e-05
744	5.34818655914e-05
745	5.33085939597e-05
746	4.96264034853e-05
747	4.65631746988e-05
748	4.88971737968e-05
749	4.94772770361e-05
750	5.03665e-05
751	5.0101557257e-05
752	5.1536787234e-05
753	4.89376606906e-05
754	4.60006007958e-05
755	4.61958245033e-05
756	4.72040238095e-05
757	4.57353190225e-05
758	4.69380356201e-05
759	4.70097832675e-05
760	4.77234473684e-05
761	4.66073777924e-05
762	4.70126102362e-05
763	4.73813938401e-05
764	4.70332434555e-05
765	4.68337156863e-05
766	4.68631684073e-05
767	4.63632092568e-05
768	4.71510104167e-05
769	4.45024323797e-05
770	4.76932012987e-05
771	4.76694675746e-05
772	4.71380233161e-05
773	4.91525853816e-05
774	4.6083130491e-05
775	4.31609516129e-05
776	4.34073865979e-05
777	4.54781550837e-05
778	4.69433431877e-05
779	4.70145256739e-05
780	4.64701410256e-05
781	4.51204923175e-05
782	4.21719936061e-05
783	4.43919457216e-05
784	4.49672040816e-05
785	4.46760286624e-05
786	4.32736348601e-05
787	4.40285533672e-05
788	4.3356428934e-05
789	4.59065405577e-05
790	4.64704493671e-05
791	4.65057515803e-05
792	4.87391969697e-05
793	4.80187118537e-05
794	4.50746007557e-05
795	4.43177704403e-05
796	4.21017864322e-05
797	4.42100583438e-05
798	4.70160538847e-05
799	4.65772284105e-05
800	4.70545e-05
801	5.02147247191e-05
802	4.76526047382e-05
803	4.74742011208e-05
804	4.62166393035e-05
805	4.68516428571e-05
806	4.87555421836e-05
807	4.91194070632e-05
808	5.19068762376e-05
809	5.16936347342e-05
810	5.23945e-05
811	5.24203939581e-05
812	5.32688842364e-05
813	5.2579001845e-05
814	5.20603476658e-05
815	5.38178128834e-05
816	5.52596960784e-05
817	5.41154302325e-05
818	5.60314193154e-05
819	5.54714230769e-05
820	5.42993780488e-05
821	5.41862174178e-05
822	5.5692553528e-05
823	5.59765170109e-05
824	5.70134320388e-05
825	5.90660151515e-05
826	5.76911101695e-05
827	5.74029643289e-05
828	5.90611666667e-05
829	5.86261043426e-05
830	5.61173915663e-05
831	5.51490126354e-05
832	5.51445e-05
833	5.45289537815e-05
834	5.66966582734e-05
835	5.72651586826e-05
836	5.67078971292e-05
837	5.63753841099e-05
838	5.72381754177e-05
839	5.80703045292e-05
840	5.75409285714e-05
841	5.8666794887e-05
842	5.84693218527e-05
843	5.78678096085e-05
844	5.67546895735e-05
845	5.75566301775e-05
846	5.86167222222e-05
847	5.78148069658e-05
848	5.84770471698e-05
849	6.02437343934e-05
850	6.17792058824e-05
851	5.93181192714e-05
852	5.90729037559e-05
853	5.89466688159e-05
854	5.95619473068e-05
855	5.97909912281e-05
856	5.77157616822e-05
857	5.90619445741e-05
858	5.95413531469e-05
859	5.84480506403e-05
860	5.83910116279e-05
861	5.58823048781e-05
862	5.37552888631e-05
863	5.57907920046e-05
864	5.50380185185e-05
865	5.37632861272e-05
866	5.30492344111e-05
867	5.32964607843e-05
868	5.25776797235e-05
869	5.34175149597e-05
870	5.36577183908e-05
871	5.32613197474e-05
872	5.3396793578e-05
873	5.49958745705e-05
874	5.48887791762e-05
875	5.50619285714e-05
876	5.50588835617e-05
877	5.41983768529e-05
878	5.65004225513e-05
879	5.5875728669e-05
880	5.61740454546e-05
881	5.4652161748e-05
882	5.30532301587e-05
883	5.11487468856e-05
884	5.0007622172e-05
885	4.87911101695e-05
886	4.90017234763e-05
887	4.97969802706e-05
888	4.91253558559e-05
889	4.92358948257e-05
890	4.71450617978e-05
891	4.65852968575e-05
892	4.77969663677e-05
893	4.81369412094e-05
894	4.98094888143e-05
895	4.98682430168e-05
896	4.87996339286e-05
897	4.93331845039e-05
898	4.89056358575e-05
899	4.87671362625e-05
900	4.87867222222e-05
901	4.92701936737e-05
902	4.68568059867e-05
903	4.92272796235e-05
904	4.74144115044e-05
905	4.89911850829e-05
906	4.82046545254e-05
907	4.94297811467e-05
908	4.88834867842e-05
909	4.96739279428e-05
910	5.05571373627e-05
911	5.03055867179e-05
912	4.61423070176e-05
913	4.74065481928e-05
914	4.90520492342e-05
915	4.92731885246e-05
916	4.97493034935e-05
917	4.9539538168e-05
918	5.15306655774e-05
919	5.18743694233e-05
920	5.24042826087e-05
921	5.15562806732e-05
922	5.30875585683e-05
923	5.37401121344e-05
924	5.22916861472e-05
925	5.32150405406e-05
926	5.08793812095e-05
927	4.90687179072e-05
928	4.79020431035e-05
929	4.68842739505e-05
930	4.83235322581e-05
931	4.70572282492e-05
932	4.64427832618e-05
933	4.6881102358e-05
934	4.84769411135e-05
935	4.78907566845e-05
936	4.92994145299e-05
937	4.92440197439e-05
938	5.16791481877e-05
939	5.26831048988e-05
940	5.14083297873e-05
941	4.92382832094e-05
942	5.0690678344e-05
943	4.82873950159e-05
944	4.97080593221e-05
945	4.72220132275e-05
946	4.85128932347e-05
947	4.88580691658e-05
948	4.78786772152e-05
949	4.66484515279e-05
950	4.53923947369e-05
951	4.48950257624e-05
952	4.39806344538e-05
953	4.47040487933e-05
954	4.34741645702e-05
955	4.65641335079e-05
956	4.52334121339e-05
957	4.60757957158e-05
958	4.64550427975e-05
959	4.51890776851e-05
960	4.56392916667e-05
961	4.5272751821e-05
962	4.64246455302e-05
963	4.49739392523e-05
964	4.47752053942e-05
965	4.50825829016e-05
966	4.49586821946e-05
967	4.62145620476e-05
968	4.42664008265e-05
969	4.31509499484e-05
970	4.52563556701e-05
971	4.47673115345e-05
972	4.26661049383e-05
973	4.13955277492e-05
974	4.13657525667e-05
975	4.20180897436e-05
976	4.11332295082e-05
977	4.08161990788e-05
978	3.86521687117e-05
979	4.00645715015e-05
980	4.24404183674e-05
981	4.25290565749e-05
982	4.14352331976e-05
983	4.17963311292e-05
984	4.35469390244e-05
985	4.28107436548e-05
986	4.31368935091e-05
987	4.57258069909e-05
988	4.66141356275e-05
989	4.61629529828e-05
990	4.5291469697e-05
991	4.63763365288e-05
992	4.67795806452e-05
993	4.6091378147e-05
994	4.50635140845e-05
995	4.53000276382e-05
996	4.56103634538e-05
997	4.46793545637e-05
998	4.64435981964e-05
999	4.66357412413e-05
1000	4.87135e-05
1001	4.59709235764e-05
1002	4.61380129741e-05
1003	4.74084581256e-05
1004	4.72460936255e-05
1005	4.89059427861e-05
1006	4.66479791253e-05
1007	4.41939041708e-05
1008	4.66722777778e-05
1009	4.69108528246e-05
1010	4.49410346535e-05
1011	4.4766409001e-05
1012	4.24913379447e-05
1013	4.2558369694e-05
1014	3.96183658777e-05
1015	3.97206083744e-05
1016	4.04850511811e-05
1017	4.07003013766e-05
1018	3.83286846759e-05
1019	3.68998974485e-05
1020	3.71680294118e-05
1021	3.78323060725e-05
1022	3.84453806262e-05
1023	3.73661520039e-05
1024	3.7572234375e-05
1025	3.79691341464e-05
1026	3.86761764133e-05
1027	4.07849576436e-05
1028	3.82855505837e-05
1029	4.0052420311e-05
1030	3.89294514563e-05
1031	3.7820300194e-05
1032	3.67627170543e-05
1033	3.81660392062e-05
1034	3.62581363637e-05
1035	3.74244516908e-05
1036	3.59089787645e-05
1037	3.53115684668e-05
1038	3.61700298651e-05
1039	3.77303999038e-05
1040	3.80733461539e-05
1041	3.87777853026e-05
1042	3.76900854127e-05
1043	3.69074434324e-05
1044	3.55793659004e-05
1045	3.6404069378e-05
1046	3.62185917782e-05
1047	3.61528572111e-05
1048	3.66903015267e-05
1049	3.85136611058e-05
1050	3.77621190476e-05
1051	4.03164790676e-05
1052	4.0177769962e-05
1053	4.05492958215e-05
1054	4.12607239089e-05
1055	4.13518459716e-05
1056	4.07467727273e-05
1057	4.16480477767e-05
1058	4.1562741966e-05
1059	3.95078144476e-05
1060	3.67718584906e-05
1061	3.43897874647e-05
1062	3.31025979285e-05
1063	3.30821763876e-05
1064	3.42986353384e-05
1065	3.44076455399e-05
1066	3.31543499062e-05
1067	3.12089329897e-05
1068	3.27128520599e-05
1069	2.98631623012e-05
1070	2.79468364486e-05
1071	2.6500942577e-05
1072	2.62415149254e-05
1073	2.81857395154e-05
1074	2.89876098697e-05
1075	2.85275232558e-05
1076	2.7051563197e-05
1077	2.4811398793e-05
1078	2.3148674397e-05
1079	2.43815250232e-05
1080	2.43019074074e-05
1081	2.67747035153e-05
1082	2.81329473198e-05
1083	2.78026255771e-05
1084	2.8829001845e-05
1085	2.87097073733e-05
1086	2.83447762431e-05
1087	2.66125312788e-05
1088	2.83209705883e-05
1089	2.70428011938e-05
1090	2.82385366973e-05
1091	2.80874422548e-05
1092	2.82910201465e-05
1093	2.84127982617e-05
1094	2.87062001828e-05
1095	2.76675593607e-05
1096	2.88634781022e-05
1097	2.87855665451e-05
1098	2.84482340619e-05
1099	2.83817611465e-05
1100	2.84535909091e-05
1101	2.90557170754e-05
1102	2.73663693285e-05
1103	2.75903295558e-05
1104	2.78446811594e-05
1105	2.8958300905e-05
1106	3.00925108499e-05
1107	3.00729101174e-05
1108	2.97916119134e-05
1109	2.93935982868e-05
1110	2.93656711712e-05
1111	2.83350940594e-05
1112	2.83162625899e-05
1113	2.90144460917e-05
1114	2.77724174147e-05
1115	2.83693878924e-05
1116	2.9641811828e-05
1117	2.9055198299e-05
1118	2.91261636852e-05
1119	2.89494597855e-05
1120	3.03695e-05
1121	3.23204589652e-05
1122	3.24658012478e-05
1123	3.0877135797e-05
1124	3.2375816726e-05
1125	3.21856111111e-05
1126	3.0042812611e-05
1127	3.09694778172e-05
1128	3.20487553192e-05
1129	3.10960057573e-05
1130	3.04537920354e-05
1131	3.14970641026e-05
1132	3.12584575972e-05
1133	3.11253031774e-05
1134	3.09624012346e-05
1135	3.00808436123e-05
1136	2.87994295775e-05
1137	2.89266020229e-05
1138	2.97714771529e-05
1139	2.96649126427e-05
1140	3.11901140351e-05
1141	3.09396358457e-05
1142	3.21405595447e-05
1143	2.99763022747e-05
1144	3.17441503496e-05
1145	3.14704825328e-05
1146	3.10428420593e-05
1147	3.20876124673e-05
1148	3.2613141115e-05
1149	3.1350983899e-05
1150	3.13136304348e-05
1151	3.01729535187e-05
1152	3.01236666667e-05
1153	3.13199119688e-05
1154	3.03511724437e-05
1155	3.09867077922e-05
1156	2.98166453287e-05
1157	3.01931171132e-05
1158	3.13694568221e-05
1159	3.08043360656e-05
1160	3.13557068966e-05
1161	3.0838083118e-05
1162	2.98136049914e-05
1163	3.09129866724e-05
1164	3.09073865979e-05
1165	3.08090922747e-05
1166	3.1433093482e-05
1167	3.1277961868e-05
1168	3.25956986301e-05
1169	3.42037386655e-05
1170	3.43329615385e-05
1171	3.44226810419e-05
1172	3.51129300341e-05
1173	3.45036219096e-05
1174	3.45001218058e-05
1175	3.49553510638e-05
1176	3.54463707483e-05
1177	3.28770828377e-05
1178	3.07145339559e-05
1179	3.04352124682e-05
1180	3.12038220339e-05
1181	3.22734161727e-05
1182	3.32582901861e-05
1183	3.32000790364e-05
1184	3.27483851351e-05
1185	3.34206603376e-05
1186	3.43953431703e-05
1187	3.48216272115e-05
1188	3.41167222222e-05
1189	3.38167035324e-05
1190	3.20860966387e-05
1191	3.16698988245e-05
1192	3.07527214765e-05
1193	3.19284480302e-05
1194	2.95720544389e-05
1195	2.95995209205e-05
1196	3.08827943144e-05
1197	3.03811332498e-05
1198	3.22450843072e-05
1199	3.19874941618e-05
1200	3.16136666667e-05
1201	3.10131511241e-05
1202	3.1462719634e-05
1203	3.16480328346e-05
1204	2.91685863787e-05
1205	2.92459522822e-05
1206	2.92833888889e-05
1207	3.02022879039e-05
1208	3.00600629139e-05
1209	3.00661294458e-05
1210	3.14192933884e-05
1211	3.09543678778e-05
1212	3.03144669967e-05
1213	2.78916145919e-05
1214	2.82264604613e-05
1215	2.8489973251e-05
1216	2.9785125e-05
1217	3.14717391126e-05
1218	3.22056658457e-05
1219	3.23190283019e-05
1220	3.26543360656e-05
1221	3.28302084357e-05
1222	3.41817340426e-05
1223	3.24304771055e-05
1224	3.30709705882e-05
1225	3.23969489796e-05
1226	3.33781867863e-05
1227	3.33496752241e-05
1228	3.36958029316e-05
1229	3.35279418226e-05
1230	3.00375894309e-05
1231	2.9110990658e-05
1232	2.85527792208e-05
1233	2.69614099757e-05
1234	2.69504157212e-05
1235	2.84608967611e-05
1236	2.89559886731e-05
1237	2.85893261924e-05
1238	2.78726906301e-05
1239	2.65244435028e-05
1240	2.67791774194e-05
1241	2.76201244964e-05
1242	2.8127189211e-05
1243	2.67959481094e-05
1244	2.73133102894e-05
1245	2.66515281125e-05
1246	2.69009205458e-05
1247	2.64722866881e-05
1248	2.65170961538e-05
1249	2.74393358687e-05
1250	2.87609e-05
1251	2.96550915268e-05
1252	2.88353945687e-05
1253	2.64846835595e-05
1254	2.66393165869e-05
1255	2.55857350598e-05
1256	2.64056464968e-05
1257	2.66578253779e-05
1258	2.66361534181e-05
1259	2.52666207307e-05
1260	2.45952936508e-05
1261	2.54397022205e-05
1262	2.42360213946e-05
1263	2.34974295329e-05
1264	2.09498797468e-05
1265	2.10292826087e-05
1266	2.19466327014e-05
1267	1.9895683899e-05
1268	2.03038059937e-05
1269	1.95725929866e-05
1270	2.03063110236e-05
1271	1.87910381589e-05
1272	1.96507893082e-05
1273	1.85445392773e-05
1274	2.01621609105e-05
1275	1.99984215686e-05
1276	2.00825877743e-05
1277	2.00828320282e-05
1278	1.94484906103e-05
1279	1.98307783425e-05
1280	1.94554375e-05
1281	1.92094882904e-05
1282	1.79787433697e-05
1283	1.88956691349e-05
1284	2.02465249221e-05
1285	1.83431381323e-05
1286	1.79131625195e-05
1287	1.75110501166e-05
1288	1.74597173913e-05
1289	1.71260748643e-05
1290	1.64107790698e-05
1291	1.65881483346e-05
1292	1.66924876161e-05
1293	1.6545312065e-05
1294	1.74416406492e-05
1295	1.67257741313e-05
1296	1.63003641976e-05
1297	1.6692109869e-05
1298	1.55524352851e-05
1299	1.58171327945e-05
1300	1.58806538462e-05
1301	1.58064907763e-05
1302	1.39759132105e-05
1303	1.46331799693e-05
1304	1.40463404908e-05
1305	1.35132739464e-05
1306	1.4855449464e-05
1307	1.43516537873e-05
1308	1.58295152905e-05
1309	1.47451493507e-05
1310	1.57257977099e-05
1311	1.60581155607e-05
1312	1.73502926829e-05
1313	1.87684527799e-05
1314	1.85246369863e-05
1315	1.96005836502e-05
1316	1.86551382979e-05
1317	1.86314020501e-05
1318	1.98831191199e-05
1319	1.93967744504e-05
1320	1.75937424243e-05
1321	1.60833720666e-05
1322	1.680751059e-05
1323	1.59205770975e-05
1324	1.70931404834e-05
1325	1.53635566038e-05
1326	1.73484969834e-05
1327	1.78647336097e-05
1328	1.72100120482e-05
1329	1.7725575997e-05
1330	1.72696879699e-05
1331	1.53734631856e-05
1332	1.46670225225e-05
1333	1.34747700675e-05
1334	1.38097923538e-05
1335	1.46094812734e-05
1336	1.48061766467e-05
1337	1.48799151085e-05
1338	1.48190142003e-05
1339	1.27245970874e-05
1340	1.26191268657e-05
1341	1.32468489933e-05
1342	1.38781065574e-05
1343	1.24012014148e-05
1344	1.26169702381e-05
1345	1.18116003718e-05
1346	1.33023751858e-05
1347	1.25221911656e-05
1348	1.25747670623e-05
1349	1.25538773166e-05
1350	1.34211666667e-05
1351	1.26661506292e-05
1352	1.21859201184e-05
1353	1.21328592018e-05
1354	1.27430967504e-05
1355	1.20328763838e-05
1356	1.37499572272e-05
1357	1.39096068534e-05
1358	1.32980346097e-05
1359	1.16910415747e-05
1360	1.11834705882e-05
1361	1.12115462895e-05
1362	1.16558803231e-05
1363	1.13915652971e-05
1364	1.23593093842e-05
1365	1.12714230769e-05
1366	9.87766251831e-06
1367	9.19186649599e-06
1368	9.62988011697e-06
1369	9.76630423668e-06
1370	1.09835510949e-05
1371	1.19984387309e-05
1372	1.11270072886e-05
1373	1.05459930809e-05
1374	9.83991484718e-06
1375	1.11995909091e-05
1376	1.25413023256e-05
1377	1.37859306464e-05
1378	1.44924680697e-05
1379	1.62233614939e-05
1380	1.7126384058e-05
1381	1.51924724837e-05
1382	1.4900288712e-05
1383	1.53995614606e-05
1384	1.50310606937e-05
1385	1.43916119134e-05
1386	1.35207626263e-05
1387	1.35365331651e-05
1388	1.36581887608e-05
1389	1.37451119511e-05
1390	1.33254352518e-05
1391	1.38071527678e-05
1392	1.41236666667e-05
1393	1.43815782484e-05
1394	1.37747008608e-05
1395	1.33550734767e-05
1396	1.34940702006e-05
1397	1.41181936292e-05
1398	1.47371323319e-05
1399	1.37397466047e-05
1400	1.51495e-05
1401	1.32503172734e-05
1402	1.30129022825e-05
1403	1.28257188168e-05
1404	1.26181467237e-05
1405	1.1835069395e-05
1406	1.19364630157e-05
1407	1.21564047619e-05
1408	1.19250397727e-05
1409	1.01489357701e-05
1410	1.0689535461e-05
1411	1.20472285613e-05
1412	1.11041317281e-05
1413	1.15593973815e-05
1414	1.21674844413e-05
1415	1.26100477032e-05
1416	1.16826355932e-05
1417	1.09096729005e-05
1418	1.10588159379e-05
1419	1.17736402396e-05
1420	1.08212605634e-05
1421	1.03881664321e-05
1422	8.86777707455e-06
1423	9.50272206607e-06
1424	9.03073595507e-06
1425	9.58046491229e-06
1426	1.08152573633e-05
1427	8.61874667135e-06
1428	9.29085854343e-06
1429	9.4931703989e-06
1430	1.02266678322e-05
1431	9.66563906361e-06
1432	9.36796368717e-06
1433	1.0052560014e-05
1434	8.90426290099e-06
1435	9.79310627179e-06
1436	9.40982033427e-06
1437	9.32282289493e-06
1438	1.02734986092e-05
1439	9.67525052121e-06
1440	1.15653333333e-05
1441	1.09462002082e-05
1442	1.04700894591e-05
1443	1.11457127512e-05
1444	1.122483241e-05
1445	1.08415588235e-05
1446	1.06075013831e-05
1447	1.03378310297e-05
1448	9.61342265195e-06
1449	1.06988478261e-05
1450	1.04945e-05
1451	1.07129011027e-05
1452	1.14461528926e-05
1453	1.12816300757e-05
1454	1.06393418157e-05
1455	1.13539501718e-05
1456	7.85123076925e-06
1457	6.99573541526e-06
1458	5.57008299041e-06
1459	6.32664530502e-06
1460	6.34176027399e-06
1461	6.88389082822e-06
1462	7.38492407662e-06
1463	8.12519036229e-06
1464	7.99695901641e-06
1465	8.65320307169e-06
1466	8.54525034108e-06
1467	8.98754703478e-06
1468	9.14177520437e-06
1469	8.70151157251e-06
1470	8.9931394558e-06
1471	8.20347348744e-06
1472	8.24572282611e-06
1473	8.47392973525e-06
1474	9.06207123475e-06
1475	1.01863644068e-05
1476	1.1379594851e-05
1477	1.10695169262e-05
1478	1.05115500677e-05
1479	1.12673870859e-05
1480	1.07478783784e-05
1481	1.11628997299e-05
1482	1.17919358975e-05
1483	1.25246416049e-05
1484	1.21748234502e-05
1485	1.20638602694e-05
1486	1.24584300135e-05
1487	1.32169613316e-05
1488	1.43850913979e-05
1489	1.4837078912e-05
1490	1.50689966443e-05
1491	1.58968474179e-05
1492	1.61572345845e-05
1493	1.74554511052e-05
1494	1.82305107095e-05
1495	1.86045334448e-05
1496	1.83804625669e-05
1497	1.82882875752e-05
1498	1.90193331108e-05
1499	1.92697501668e-05
1500	1.93511666667e-05
1501	2.03745133245e-05
1502	2.12293868176e-05
1503	2.07284986694e-05
1504	2.10301382979e-05
1505	2.16011445183e-05
1506	2.15425743692e-05
1507	2.21662319177e-05
1508	2.31345530504e-05
1509	2.3817296554e-05
1510	2.43693344371e-05
1511	2.3843209464e-05
1512	2.46180449736e-05
1513	2.46119487773e-05
1514	2.55358474241e-05
1515	2.50770082508e-05
1516	2.53014920845e-05
1517	2.35586397495e-05
1518	2.39043814229e-05
1519	2.43912083608e-05
1520	2.42655526316e-05
1521	2.30374980276e-05
1522	2.31362871222e-05
1523	2.46814336835e-05
1524	2.48295393701e-05
1525	2.50869590164e-05
1526	2.45347359109e-05
1527	2.49707933857e-05
1528	2.42531387435e-05
1529	2.47496340746e-05
1530	2.61533235294e-05
1531	2.48105679295e-05
1532	2.57770065274e-05
1533	2.63931953686e-05
1534	2.52087112125e-05
1535	2.57899397394e-05
1536	2.63189791667e-05
1537	2.69273562134e-05
1538	2.76617301691e-05
1539	2.72586975309e-05
1540	2.70503441558e-05
1541	2.70940457495e-05
1542	2.78601290532e-05
1543	2.95111558652e-05
1544	2.95693704663e-05
1545	3.030647411e-05
1546	3.06318868047e-05
1547	3.07842866839e-05
1548	3.10146550388e-05
1549	3.05087672692e-05
1550	3.06428870968e-05
1551	3.1426092521e-05
1552	3.1325556701e-05
1553	3.13829095299e-05
1554	3.12001628057e-05
1555	3.19520562701e-05
1556	3.17980989717e-05
1557	3.12236586384e-05
1558	3.06826899872e-05
1559	3.10898175112e-05
1560	3.24361666667e-05
1561	3.35860438821e-05
1562	3.31646664533e-05
1563	3.22902133717e-05
1564	3.30140652174e-05
1565	3.29184616613e-05
1566	3.19200427842e-05
1567	3.15719090619e-05
1568	3.10080204082e-05
1569	3.02045701084e-05
1570	3.07702961784e-05
1571	3.1027218014e-05
1572	3.15656195929e-05
1573	2.93779710744e-05
1574	2.93443094028e-05
1575	2.96935476191e-05
1576	3.03297791878e-05
1577	3.10013484464e-05
1578	3.03837268695e-05
1579	3.134890152e-05
1580	3.02482974684e-05
1581	3.04526910184e-05
1582	3.05639058154e-05
1583	2.92182523689e-05
1584	2.96167222222e-05
1585	2.91497050473e-05
1586	2.73812591425e-05
1587	2.70907822936e-05
1588	2.69039458438e-05
1589	2.5135846759e-05
1590	2.57712295598e-05
1591	2.66899116908e-05
1592	2.68875904523e-05
1593	2.73493022599e-05
1594	2.60626304893e-05
1595	2.54064122257e-05
1596	2.56376077694e-05
1597	2.49298788353e-05
1598	2.58769780976e-05
1599	2.58866826141e-05
1600	2.5588875e-05
1601	2.58910646471e-05
1602	2.65249619226e-05
1603	2.66895717405e-05
1604	2.74524800499e-05
1605	2.71122570093e-05
1606	2.74125572852e-05
1607	2.65556698818e-05
1608	2.54964900498e-05
1609	2.54989126787e-05
1610	2.42653074534e-05
1611	2.37508004345e-05
1612	2.35471054591e-05
1613	2.34812947923e-05
1614	2.34614144981e-05
1615	2.27734473684e-05
1616	2.35646732673e-05
1617	2.41267201608e-05
1618	2.28673059333e-05
1619	2.22549076591e-05
1620	2.14389444444e-05
1621	2.15610638495e-05
1622	2.16978292232e-05
1623	2.07820539125e-05
1624	2.12288596059e-05
1625	2.04351153846e-05
1626	1.82948690037e-05
1627	1.78075301168e-05
1628	1.82605933661e-05
1629	1.82803195212e-05
1630	1.74478742331e-05
1631	1.70401161864e-05
1632	1.6000504902e-05
1633	1.61520015309e-05
1634	1.60744265606e-05
1635	1.65125428135e-05
1636	1.55344755501e-05
1637	1.64250436775e-05
1638	1.71356477411e-05
1639	1.71266537523e-05
1640	1.80993780488e-05
1641	1.76333787325e-05
1642	1.86892624848e-05
1643	1.69471475959e-05
1644	1.70100717762e-05
1645	1.7044955927e-05
1646	1.72529447145e-05
1647	1.75608630844e-05
1648	1.69424368932e-05
1649	1.60221531231e-05
1650	1.41854090909e-05
1651	1.47712413689e-05
1652	1.52110859564e-05
1653	1.54259579552e-05
1654	1.28678978235e-05
1655	1.28361918429e-05
1656	1.3260442029e-05
1657	1.37083201569e-05
1658	1.37467316043e-05
1659	1.36048676914e-05
1660	1.44848614458e-05
1661	1.4230743227e-05
1662	1.52139945848e-05
1663	1.5193056825e-05
1664	1.39996682692e-05
1665	1.37800855856e-05
1666	1.37948601441e-05
1667	1.50555677864e-05
1668	1.48447398081e-05
1669	1.44424328939e-05
1670	1.32992904192e-05
1671	1.44800774985e-05
1672	1.16965334928e-05
1673	1.1282724746e-05
1674	1.17863757467e-05
1675	1.12082313433e-05
1676	1.04207529833e-05
1677	1.00176365534e-05
1678	1.01459898689e-05
1679	9.90968761167e-06
1680	9.8689047619e-06
1681	8.73774806662e-06
1682	7.25656896551e-06
1683	8.70168954248e-06
1684	9.99901306413e-06
1685	1.01517700297e-05
1686	9.30790450771e-06
1687	9.83314848844e-06
1688	8.4886943128e-06
1689	9.13103049142e-06
1690	9.85189644971e-06
1691	1.03395029568e-05
1692	7.47192316785e-06
1693	6.86880596574e-06
1694	6.41811275089e-06
1695	7.5520221239e-06
1696	9.04131603774e-06
1697	9.95195433118e-06
1698	1.14480924617e-05
1699	1.14998560918e-05
1700	1.02545e-05
1701	1.01240708407e-05
1702	9.18063396005e-06
1703	1.0404482384e-05
1704	8.69614319249e-06
1705	7.87485190616e-06
1706	8.18934173506e-06
1707	9.19180521383e-06
1708	8.48466393443e-06
1709	9.274546811e-06
1710	9.33719005848e-06
1711	8.74809438925e-06
1712	9.05629906543e-06
1713	1.06729588441e-05
1714	9.90150116686e-06
1715	8.96826093295e-06
1716	9.53494289044e-06
1717	1.00136030868e-05
1718	9.7152217695e-06
1719	8.41544240838e-06
1720	8.49624418605e-06
1721	8.7448776874e-06
1722	9.54490650407e-06
1723	8.94412275102e-06
1724	9.31271345708e-06
1725	9.47392028986e-06
1726	8.96692178447e-06
1727	8.40608077592e-06
1728	8.32910648148e-06
1729	7.36211133603e-06
1730	7.37311271676e-06
1731	6.6810395725e-06
1732	7.26055080832e-06
1733	7.04597143682e-06
1734	6.41180103806e-06
1735	6.75530691643e-06
1736	7.32249539171e-06
1737	7.11988860104e-06
1738	6.98540909091e-06
1739	8.09605261645e-06
1740	8.33300574713e-06
1741	8.38014043654e-06
1742	8.53743915041e-06
1743	9.34745467585e-06
1744	9.66514220184e-06
1745	1.0230030086e-05
1746	9.64936827034e-06
1747	9.69158070979e-06
1748	9.90937414188e-06
1749	9.71296769583e-06
1750	1.01665e-05
1751	1.06229408909e-05
1752	9.62623515982e-06
1753	9.66318225899e-06
1754	9.92927765109e-06
1755	8.37683618234e-06
1756	8.33413553531e-06
1757	7.98471058623e-06
1758	6.0827821388e-06
1759	4.80382347925e-06
1760	4.81609090909e-06
1761	5.13044548552e-06
1762	6.36782576618e-06
1763	6.372378616e-06
1764	5.8094659864e-06
1765	5.3899674221e-06
1766	6.53776160816e-06
1767	6.49184012451e-06
1768	7.57606108598e-06
1769	7.73706642171e-06
1770	7.94534745763e-06
1771	8.48653839639e-06
1772	8.05307787811e-06
1773	7.92298279752e-06
1774	7.83643912063e-06
1775	7.60464084507e-06
1776	7.91308108108e-06
1777	7.13113477772e-06
1778	6.32982058493e-06
1779	6.53896318157e-06
1780	6.59000561798e-06
1781	6.7909065132e-06
1782	6.51122278339e-06
1783	7.3159806506e-06
1784	7.89169730942e-06
1785	7.93903781513e-06
1786	7.45329059351e-06
1787	6.10798628987e-06
1788	5.27760961969e-06
1789	6.50238149805e-06
1790	5.12857821229e-06
1791	5.89366247906e-06
1792	6.32530357143e-06
1793	6.67838176241e-06
1794	5.75180211817e-06
1795	5.04463927577e-06
1796	5.21409910913e-06
1797	5.03779437952e-06
1798	5.34166351502e-06
1799	4.84808532518e-06
1800	3.69227777778e-06
1801	4.06856996113e-06
1802	3.90282408435e-06
1803	3.77941403217e-06
1804	4.06800332595e-06
1805	4.90918144045e-06
1806	5.68962735327e-06
1807	4.75310542335e-06
1808	5.10467699115e-06
1809	6.02026008845e-06
1810	7.46466574586e-06
1811	7.27633324131e-06
1812	8.33600110375e-06
1813	8.50481439603e-06
1814	8.71258158765e-06
1815	9.86943112948e-06
1816	9.60705506608e-06
1817	7.92889735828e-06
1818	8.60847139714e-06
1819	7.60890351842e-06
1820	8.31208241758e-06
1821	9.04688879736e-06
1822	9.90602579583e-06
1823	1.0327577345e-05
1824	9.59625438596e-06
1825	1.02854589041e-05
1826	9.31290087623e-06
1827	8.98782238642e-06
1828	8.92185229759e-06
1829	8.6542047567e-06
1830	6.8945e-06
1831	5.91334216275e-06
1832	5.22364847162e-06
1833	4.92914266231e-06
1834	5.3557868048e-06
1835	5.60648910082e-06
1836	5.89667864924e-06
1837	6.41954082744e-06
1838	7.03486996736e-06
1839	7.78764845025e-06
1840	7.72439130435e-06
1841	8.21036094514e-06
1842	8.56876710098e-06
1843	7.46069641889e-06
1844	8.18463015185e-06
1845	7.41943224933e-06
1846	6.49200812569e-06
1847	6.9120961018e-06
1848	7.03627489179e-06
1849	6.82446214171e-06
1850	6.16801351352e-06
1851	6.22270097246e-06
1852	6.42095788338e-06
1853	6.08041473288e-06
1854	4.58921413162e-06
1855	4.43277493263e-06
1856	4.69999568967e-06
1857	4.36703634896e-06
1858	3.39450000001e-06
1859	3.55587708446e-06
1860	2.18482258066e-06
1861	2.1575306287e-06
1862	1.8751659506e-06
1863	1.39127938809e-06
1864	2.314027897e-06
1865	1.6180924933e-06
1866	1.66995551983e-06
1867	2.16793331548e-06
1868	2.33668415418e-06
1869	1.75672578919e-06
1870	2.55385828877e-06
1871	2.40946525922e-06
1872	2.00561111111e-06
1873	2.4142544047e-06
1874	3.12448932764e-06
1875	3.6601e-06
1876	4.47125906183e-06
1877	5.37691875333e-06
1878	5.53560756123e-06
1879	5.78300452368e-06
1880	6.86045744681e-06
1881	6.21480834662e-06
1882	4.25741179596e-06
1883	4.71845114179e-06
1884	4.84885244161e-06
1885	5.1769933687e-06
1886	5.15059756098e-06
1887	5.70663566507e-06
1888	5.51049576271e-06
1889	6.20286421387e-06
1890	6.67703968254e-06
1891	6.32152273929e-06
1892	6.71321035941e-06
1893	6.12772768092e-06
1894	5.83167001055e-06
1895	5.96811477572e-06
1896	5.16137763712e-06
1897	4.29486900368e-06
1898	4.53517439409e-06
1899	5.72678014743e-06
1900	5.3087105263e-06
1901	5.32979721198e-06
1902	5.05485751839e-06
1903	5.03664398318e-06
1904	4.81624369747e-06
1905	5.54358136482e-06
1906	5.72713378803e-06
1907	4.97604168851e-06
1908	5.06011844863e-06
1909	5.48774253535e-06
1910	5.93219633507e-06
1911	5.83039743589e-06
1912	4.77891422593e-06
1913	4.72173470987e-06
1914	4.59408202716e-06
1915	3.67961749346e-06
1916	3.69199478078e-06
1917	4.40806285863e-06
1918	3.81055839415e-06
1919	3.49403100572e-06
1920	2.73356249999e-06
1921	3.33775871941e-06
1922	3.65724713839e-06
1923	2.32481721268e-06
1924	1.72350207899e-06
1925	2.31034415583e-06
1926	2.33427154724e-06
1927	2.9715627919e-06
1928	3.08640871368e-06
1929	2.72057568688e-06
1930	2.93336010362e-06
1931	2.80620378041e-06
1932	1.86189130434e-06
1933	1.55228582513e-06
1934	7.08357290581e-07
1935	1.12576614986e-06
1936	1.01536776859e-06
1937	8.18867578724e-07
1938	1.42597574819e-06
1939	1.27124058793e-06
1940	9.59448453599e-07
1941	2.24251648634e-06
1942	2.58914469618e-06
1943	3.34560653628e-06
1944	2.94182510288e-06
1945	3.11892159383e-06
1946	4.20590801644e-06
1947	4.53471571648e-06
1948	4.98433572894e-06
1949	4.83729117495e-06
1950	4.0227051282e-06
1951	2.31607867759e-06
1952	2.39449999999e-06
1953	1.45287173578e-06
1954	1.14066171954e-06
1955	7.07031969305e-07
1956	5.98998977499e-07
1957	5.65680378126e-07
1958	1.13505158324e-06
1959	3.87531648802e-07
1960	4.73357142858e-07
1961	2.27913590005e-06
1962	1.87002599389e-06
1963	1.44655960265e-06
1964	1.77505193483e-06
1965	1.88845165395e-06
1966	1.85931485249e-06
1967	2.04322241993e-06
1968	3.07501219513e-06
1969	3.76903478923e-06
1970	3.38671827411e-06
1971	2.6988536276e-06
1972	1.89353245436e-06
1973	1.71497795236e-06
1974	1.75494275583e-06
1975	1.65663924051e-06
1976	7.80601214577e-07
1977	5.11923874558e-07
1978	2.79918604653e-07
1979	1.9519176352e-07
1980	7.80863636359e-07
1981	3.09694346286e-07
1982	5.81684661952e-07
1983	1.94506555726e-07
1984	4.31104838713e-07
1985	2.2262846348e-07
1986	8.77380161125e-07
1987	1.69092677403e-06
1988	1.52327263581e-06
1989	1.14211186526e-06
1990	1.18444974874e-06
1991	5.9791536916e-07
1992	8.74074297188e-07
1993	1.01392950326e-06
1994	5.62370611835e-07
1995	6.65650375941e-07
1996	4.00089178357e-07
1997	3.34910615924e-07
1998	9.2553103103e-07
1999	6.98151825913e-07
2000	0.0
